1.305031452999500036e+09 20.617296689892736 20.01959417180949 20.090261245673645 -0.002404224729470874 -0.009026486127743776 3.4470489456732747e-05 0.9999563695799037
1.305031453160599947e+09 17.396899511455402 20.2459829182402 23.518956491715233 -0.012646406537803367 -0.09041994607864816 0.00481902334011763 0.9958117687428997
1.305031453329499960e+09 14.746634239082672 19.900752520519365 26.219784933300947 -0.022803768821250358 -0.15506669070535192 -0.008980892232098261 0.9875999458970992
1.305031453499500036e+09 14.635107042434957 18.76895377390695 27.418715948460722 -0.039187117008851656 -0.17942745106320462 -0.05417852225843654 0.9814962289236715
1.305031453669500113e+09 14.951365646960623 19.960904678851417 26.9501263630149 -0.0869818925423894 -0.19678211414775557 -0.07061201035195343 0.9740250992224684
1.305031453829499960e+09 16.30800943886388 21.574660505070646 25.569932717235748 -0.10605985370727118 -0.15891448726271726 -0.03571831373969122 0.9809289960202078
1.305031453999500036e+09 19.75293771933901 21.96998704847204 23.73304472925454 -0.0937833838090607 -0.08014223254730751 0.0013202770089478255 0.9923609002536704
1.305031454169399977e+09 21.365768132759438 24.334131871405233 20.648553720183344 -0.09211477304163683 -0.012188201111603712 0.06506674652565443 0.9935454870501486
1.305031454329499960e+09 21.661589738101366 27.349481949922215 16.660046717564697 -0.08535405016601907 0.06027757231127055 0.13853585201202762 0.9848294868167878
1.305031454499500036e+09 20.129913588779644 30.53796096509422 14.537781404205143 -0.08725585145073972 0.10883512346575112 0.21202882421441163 0.9672564861452496
1.305031454669500113e+09 17.925388170112576 32.4606556178963 13.820959874543716 -0.08764987235275218 0.12905935141457442 0.27283793198876277 0.9493264172860096
1.305031454829499960e+09 19.299555313699507 31.768209507354207 13.576502237688082 -0.07680837937306562 0.15702578104847567 0.27384962682492 0.9457535402165046
1.305031454999500036e+09 21.625051281919067 28.679605362755584 15.878698161058225 -0.05346667193222304 0.1353386536322982 0.239566661364386 0.9599127973874557
1.305031455169500113e+09 22.136691295687463 27.967767598692927 17.287876518339424 -0.056047300813893065 0.11174192687465805 0.23178811535199223 0.9647003220852511
1.305031455329400063e+09 23.903254173214943 25.35262426802988 19.773344089953635 -0.049928518358153526 0.07185863896933357 0.18860778759659783 0.9781465030954981
1.305031455499500036e+09 26.262037272956757 21.618383764919887 21.909570826496672 -0.02410467884686976 0.04575283817052267 0.1387251740177497 0.9889797613453858
1.305031455669399977e+09 29.152936234598407 18.545566982688754 22.540969333302655 -0.023403089500448723 0.03677711654437286 0.07979221934191562 0.9958578918866925
1.305031455829499960e+09 28.523048076972767 19.892711961860794 23.863916313382592 -0.03510798817319146 0.013711165539595385 0.09053996854564206 0.9951793542883267
1.305031455999399900e+09 27.897498113943826 20.464497194415593 25.565201347764834 -0.03569106167985374 -0.012448231379906026 0.09713673387766797 0.9945529873180495
1.305031456169399977e+09 26.541700467621656 20.49879768869525 28.069036861621775 -0.011509769011651853 -0.04317414628815858 0.11372844566274282 0.9925066039864539
1.305031456329400063e+09 24.058932813938775 20.687961782194456 30.85811122189135 -0.03069291868518442 -0.10965306512931332 0.09716512099676884 0.9887330728321039
1.305031456499399900e+09 23.111861778038225 19.848153287512478 32.82697646475184 -0.04163321617067877 -0.15494925307142787 0.06951435240961258 0.9845939056753116
1.305031456669399977e+09 24.079601273770923 16.043497296794595 34.032141559623696 -0.008437757513587829 -0.16726442164425007 0.032700332589007904 0.9853334997597133
1.305031456829400063e+09 25.859964578952763 13.508866423346195 34.195064596802325 -0.008322641437796503 -0.17238284957572142 -0.008739952315480304 0.9849560904147836
1.305031456999399900e+09 26.130065256950836 10.90186795234063 34.69914708471489 0.003777764386536503 -0.18741372013719423 -0.03891147552965205 0.9815027881125364
1.305031457169399977e+09 24.707587695526435 8.481987620652726 36.899517074992474 0.014183527073997778 -0.22682091672738527 -0.06755013936370169 0.9714875593473312
1.305031457329400063e+09 22.95747996261648 7.853597666967597 39.1328546769677 -0.0023452622012201134 -0.26778805433844005 -0.09422948621584276 0.9588560171508225
1.305031457499399900e+09 21.566282002881106 7.3789046156687865 41.06221206944554 -0.01757107147825247 -0.299994585324334 -0.1209889573984189 0.946074087168035
1.305031457669399977e+09 20.833227930511207 7.25245676722003 42.5471473736523 -0.029419119515817962 -0.32007651533996334 -0.14039548367631655 0.9364692455697801
1.305031457829400063e+09 20.165128662690858 8.820497972636826 43.42208878998355 -0.04191299563656434 -0.3392336310771581 -0.13744973194128415 0.929661989936259
1.305031457999399900e+09 20.35580865952066 11.88994613465446 43.43865223333704 -0.0801656722758102 -0.35401311367317245 -0.13672588248246392 0.9217126522921253
1.305031458169399977e+09 19.289131840647013 13.025867880209043 44.2443321494774 -0.09504501453593907 -0.3794046773338546 -0.14309291778806946 0.9091440770900691
1.305031458329400063e+09 21.19806016086547 12.91739631274427 43.32212549072574 -0.09829108213645606 -0.36936394812761725 -0.145487400750596 0.9125472882096899
1.305031458499399900e+09 22.113572106573084 16.64787544506631 41.24624256214713 -0.16151218540146794 -0.38162523381219343 -0.1515409302969806 0.8973914092130347
1.305031458660700083e+09 19.730708305591758 20.61264305856296 40.296338777915864 -0.18767145228726131 -0.4154671841225602 -0.11792250571685799 0.8821908679866952
1.305031458829400063e+09 24.245062893093678 20.878233647667596 36.83312959117529 -0.16696376347413744 -0.35505370939539677 -0.07631458160286732 0.9166439056503352
1.305031458999399900e+09 23.419616382851505 20.16273349485148 37.88227228956244 -0.16005523983495326 -0.37657143634200235 -0.09196496124717618 0.9078098476198099
1.305031459169399977e+09 32.19018789598676 21.524753052421786 28.642061058562142 -0.21325703465347082 -0.26386226473433144 -0.08032304711061924 0.9372546881840299
1.305031459329400063e+09 33.28830513153068 16.806442663806205 31.51901571635158 -0.2250364196794374 -0.28723483838349556 -0.1530456721819035 0.9183854199969947
1.305031459499399900e+09 26.21706734750718 7.523144235722394 40.5291840057116 -0.2030822204056805 -0.3664412439669821 -0.2963280409518627 0.8582937251434735
1.305031459669399977e+09 22.262037493357923 0.7835884739800045 42.75515916132996 -0.19270215195582985 -0.389863116345911 -0.3875889259721627 0.8128022241655053
1.305031459829400063e+09 19.315855692884167 1.471188586870837 44.65251596485693 -0.1808154179609105 -0.4299454333641223 -0.38884893084470806 0.7945119369385749
1.305031459999399900e+09 19.467950087084812 -0.7659694114927951 45.06004193839126 -0.1637203295388629 -0.4274690186148636 -0.40651406123874706 0.790703616935772
1.305031460169300079e+09 21.743868100507964 -2.5774834626197904 44.331866763000804 -0.1801229220573083 -0.4063085437570769 -0.4341567516264663 0.7835668543504729
1.305031460329400063e+09 20.640151055750888 -2.2096191235265015 44.85033414176825 -0.18229538089536773 -0.42377652925043424 -0.44539649820515276 0.7673355242312556
1.305031460499399900e+09 16.295760796486867 -1.5502058581403153 45.742515354166464 -0.18384201692996607 -0.45642157269890177 -0.4584162393476726 0.7400918944891374
1.305031460669300079e+09 12.60989174795607 -1.455491390090564 47.040521798665786 -0.1671390691101054 -0.49095993194799914 -0.47477264576483436 0.7110652653815139
1.305031460829400063e+09 11.62292187219313 -1.4098637651382755 47.27775582966977 -0.1514826536914242 -0.5064157339897052 -0.4725901894853615 0.7051628342450147
1.305031460999399900e+09 9.773636235715298 -1.9502832394263117 47.4660913307863 -0.12269810376934424 -0.5225914502076511 -0.47409258028519197 0.6979108659562482
1.305031461169300079e+09 10.092105623591964 -1.2923191532427127 47.228427089810914 -0.11983790311225553 -0.5271585066789525 -0.4722873081651752 0.6961950045495638
1.305031461329400063e+09 11.313656090309324 1.2144405185701994 46.3448536297673 -0.12738108200091375 -0.5337714297381465 -0.4487480210292808 0.7053278204961688
1.305031461499399900e+09 10.439001478460392 0.4473677966450139 45.92445497944983 -0.10344305759966939 -0.5371332332054496 -0.4513828521477992 0.7050113079998149
1.305031461669399977e+09 7.073808262258669 2.133059008606724 46.517380350500396 -0.09845663135892409 -0.5624154582896279 -0.4411060752872002 0.6924020323215724
1.305031461829299927e+09 4.640682536218213 0.5803528217718289 46.60998179060119 -0.09582281482570174 -0.566009780224128 -0.4648913559713724 0.674037791219908
1.305031461999300003e+09 4.454750632651098 -0.06338145857880562 46.56637589660987 -0.11582783755707823 -0.5598010506711477 -0.4813920279299402 0.6644308926892469
1.305031462169300079e+09 2.4666948208819743 -5.791889091706107 45.66125313251003 -0.0986289145981081 -0.5345427081997748 -0.5417774221444415 0.6411034668212089
1.305031462329299927e+09 0.9339052141631484 -10.538996415263043 44.216403318998324 -0.0433344546250003 -0.5237991888475845 -0.5504671328848553 0.6486466452688191
1.305031462499300003e+09 2.3253620617380273 -17.40253223288708 41.328976172093505 0.029431971641019527 -0.48168723230453897 -0.5562391100597238 0.6765421063910818
1.305031462669300079e+09 4.94320188644615 -19.991225373266666 40.60562877918223 0.08630376727256012 -0.4548342245207947 -0.5343087498609276 0.7072422836490929
1.305031462829299927e+09 11.11703150613261 -17.746509765332565 40.91391391441401 0.06765722345885015 -0.421310757246239 -0.4829923133455867 0.764616355561087
1.305031462999300003e+09 12.149225845142428 -17.725034217627705 40.91441116650609 0.07097921542613586 -0.40799462414028914 -0.4687539682266346 0.7802384602939653
1.305031463169399977e+09 16.184956581098906 -14.75349732393315 41.12344474581578 0.05272447411367968 -0.3831404181213765 -0.4256353101424428 0.8180819840279819
1.305031463329299927e+09 17.619355835024 -11.755822844415455 41.17467037397117 0.03530361410826269 -0.37802924293561313 -0.38844482244171386 0.8396178691730228
1.305031463499300003e+09 17.975663490130316 -9.776456524160688 41.024493774382634 0.0192536283291106 -0.375260284502959 -0.3681411661597789 0.8504593455594693
1.305031463669300079e+09 18.581120863268275 -9.33890876719767 40.7573519700276 0.014703263494579176 -0.36041630824608917 -0.3650397815401942 0.8582714353198271
1.305031463829299927e+09 20.101744222856663 -6.704772428611583 40.3745204198002 0.004155787192946571 -0.3444259194759236 -0.3347849279402035 0.8770818476345548
1.305031463999300003e+09 21.561955165106113 -4.565196603360016 39.99038260133531 0.016476926369216875 -0.32522896260943424 -0.2969646505050583 0.8976450462893577
1.305031464169300079e+09 21.335809507224106 -0.36901061126206836 40.661659037128395 -0.006331021129814731 -0.33099718080298973 -0.26133472781395345 0.9067000300597402
1.305031464329299927e+09 26.013991541962618 2.9596285246466616 38.371369090106086 -0.033974783290223236 -0.2773862987330323 -0.2300680043970063 0.9321862843489762
1.305031464499799967e+09 26.915579217741755 6.729800115361062 37.31431022496467 -0.04979464850598994 -0.258161139326103 -0.18957322512900943 0.9460102068351056
1.305031464669300079e+09 24.69003392724766 11.11487969576822 37.984530250740114 -0.045908449851018045 -0.2704380614899521 -0.1345087517053678 0.9521885658022244
1.305031464829299927e+09 22.141304819510353 20.43343377140484 34.38167098007047 -0.09998003137819499 -0.2785507886672401 -0.03910829517672752 0.9544024270227123
1.305031464999300003e+09 22.161723650246042 25.85649633542376 29.044277463356853 -0.10874551368610728 -0.21772579746567727 0.05653279233690747 0.9682840150295118
1.305031465169300079e+09 21.499209483598158 26.97685132677129 27.088960790406027 -0.07134746244229731 -0.16466579164384063 0.12008300765366321 0.9764091293808158
1.305031465329299927e+09 24.95212719751063 23.53116500544425 25.83221580389751 -0.021581053477280933 -0.10307171148303537 0.1032895969369635 0.9890610393637838
1.305031465499300003e+09 30.6423802812754 20.385697206872415 20.3074711609418 -0.036823111016132504 -0.017906052451146633 0.046229511376470966 0.9980913104814626
1.305031465669300079e+09 32.29419887974181 18.649023599134736 17.674051344138245 -0.05692810298834388 0.016408892620973912 0.01611618801100798 0.9981133241356392
1.305031465829299927e+09 33.543736170050586 17.613181635805407 14.17318234857543 -0.1043105838655356 0.04790242154545115 -0.01259482381081876 0.9933106414998721
1.305031465999300003e+09 32.35157239664093 18.18250647458366 14.144771614142499 -0.14711003810235546 0.0295509476176766 -0.017263513774527055 0.9885278697520761
1.305031466169300079e+09 32.723676404338256 16.484049126244447 13.57800753616061 -0.1411230175959043 0.05053578066003244 -0.02851765434878802 0.9882900243188485
1.305031466329299927e+09 31.7053233376675 17.334316931459608 13.42692586088933 -0.1214753175063228 0.07029104518410265 0.0018150929443632245 0.9901008138776918
1.305031466499300003e+09 30.275256072138927 18.317155640829974 14.434460905708022 -0.11632860781327872 0.0672976259087171 0.024877328069452687 0.990615870607472
1.305031466669199944e+09 28.597151153423958 18.808265557190747 15.122534081136273 -0.11025083787451384 0.06170594135557915 0.0427603380858648 0.9910644192161134
1.305031466829299927e+09 26.77567044851595 20.18290641536301 15.354621038636175 -0.10836672099104099 0.06549347487328672 0.0752668473399607 0.989091583334008
1.305031466999399900e+09 27.22303921447927 20.454412015966927 12.27605259375363 -0.11110333728708088 0.12181772279037276 0.08542746465655815 0.9826080801317448
1.305031467169300079e+09 25.736934960553373 21.96717645761324 11.437900588034765 -0.1054048281532885 0.1478024440984974 0.12079450480632385 0.9759369586858985
1.305031467329200029e+09 24.46490749566688 23.109532961682277 10.42813917080595 -0.11356191930210796 0.17120169702151755 0.14645944941440764 0.9676483344162807
1.305031467509200096e+09 23.93824335329416 23.293826589908463 10.56570063702998 -0.096952785174967 0.1955073850755153 0.1653254890349294 0.9617923385550086
1.305031467679300070e+09 23.02770658194202 23.381142682325052 10.183865905046225 -0.1004349846142417 0.20349053586867596 0.16714345024227562 0.9594620798752415
1.305031467829299927e+09 23.13861275584064 24.269388126879743 9.86135545565863 -0.1300774892194632 0.1915201625977715 0.17121373612703464 0.9576459317922807
1.305031467999200106e+09 22.42847552547692 25.104144081148203 6.690450773052913 -0.15937410478543382 0.21392031039228365 0.17323101371339267 0.9480659319970004
1.305031468169300079e+09 21.328482052379997 25.888187214474627 5.182503289484039 -0.16197919133079347 0.2278921376448695 0.1856331433804499 0.9420022565016326
1.305031468329299927e+09 20.55847014704274 26.290228023561074 5.165876504415319 -0.15848021714840516 0.22118960664574716 0.18561461914518437 0.9441961617397532
1.305031468499300003e+09 20.36921948684107 26.47064338054426 5.659636809836714 -0.1443419602194016 0.21871472053014362 0.17946460690032956 0.9482202931880082
1.305031468669199944e+09 19.44404713072923 27.680645169587127 5.555764635665861 -0.1320204238322385 0.2245561840100994 0.19654151012658408 0.9452600503095115
1.305031468830699921e+09 18.329222223913366 29.431401555888698 3.5590226572211323 -0.14668505078984956 0.24646402969468675 0.212760317135877 0.9340621100299898
1.305031468999200106e+09 18.119425951198988 29.950454922178825 5.635719032163109 -0.11940202418558024 0.22148292399479186 0.21890323394646424 0.9427459070008647
1.305031469169199944e+09 16.159724102474417 29.7215996149411 7.9914160389812565 -0.09102623823141698 0.19540324950467705 0.25722980327093364 0.9420003303320265
1.305031469329200029e+09 15.290504705283281 29.578222392965863 9.860646341160892 -0.06503912156338103 0.16342802171231297 0.26963732438224997 0.9467612728061096
1.305031469499300003e+09 13.020151427433815 29.65879098204625 11.575100151187657 -0.0529739686345483 0.11824454644165718 0.29425390992793415 0.9469037027998337
1.305031469669199944e+09 13.668120833079259 28.335203720076244 12.326756006890815 -0.017302639058964595 0.11793184285488835 0.2921468760072246 0.9489166991689336
1.305031469829200029e+09 14.379234492143345 26.871377132720554 14.096074075246637 0.023728948794429022 0.0979509918582502 0.28901499990989665 0.9520046586073929
1.305031469999200106e+09 16.176683856357375 25.541288909175123 14.154357215019708 0.05172837016511117 0.1050645724355062 0.2777714573589963 0.9534823694309532
1.305031470169199944e+09 17.725535935194856 24.5198210367468 14.052116724858312 0.06327365593347219 0.10611755766472165 0.26729784637304604 0.9556606980222733
1.305031470329200029e+09 19.463657823129864 22.912153255277765 15.068515306285809 0.08032811376137904 0.09178894725131882 0.2487490370957259 0.960856961178917
1.305031470499200106e+09 21.10302417430551 22.60920256928394 11.543509353529686 0.11372625739430967 0.16529072642111847 0.24461610782589915 0.9486349529352004
1.305031470669199944e+09 22.650289209229776 21.781416729149008 11.846123218684847 0.12082622229553318 0.15795055578484252 0.23192474767766957 0.9521888244186123
1.305031470829200029e+09 24.35314317251781 20.951633034921652 11.755322364392358 0.1309223054623188 0.15480909191085232 0.21569776466373264 0.9551795482071618
1.305031470999200106e+09 26.282545908352606 21.031415357330204 10.305233207281585 0.11675880576030395 0.1744551994450441 0.19077377532150352 0.9589255087406935
1.305031471169199944e+09 28.05197952856665 20.70812429696411 9.708080943030847 0.08800001348049492 0.17036315067989374 0.15909899298295163 0.968462650260537
1.305031471329200029e+09 29.52197086799385 19.80497130446909 10.819162294788388 0.087655496567136 0.14936220251180923 0.13658320263656168 0.9753729928288615
1.305031471499200106e+09 30.985162734495933 18.69929496234064 11.830410534997924 0.08026189932181352 0.1323445395930423 0.11362255634562124 0.9813933284094849
1.305031471669100046e+09 31.67219901195081 18.029367862336873 14.060820376774396 0.08933654194238692 0.10787065582816746 0.10206219747488472 0.9848686266358447
1.305031471829200029e+09 32.58675414633641 15.469539264247379 16.19459529830976 0.09346451452863896 0.08549990248458639 0.07274230316759712 0.9892738288911345
1.305031471999200106e+09 33.10872771184707 12.865679524419336 18.571567057290444 0.1078542204121108 0.05407399442040425 0.05317712379648152 0.9912697230176314
1.305031472169199944e+09 33.10123820309282 11.192276685458856 18.092937039897276 0.13219195371464657 0.05339352140398723 0.04126944646428706 0.9889242903446747
1.305031472329200029e+09 34.008846115864024 10.995067025671638 18.52016873373737 0.11158536562603945 0.048344165861864595 0.02805460070005995 0.9921816805327458
1.305031472499099970e+09 34.296678113736704 11.707357055191698 18.722025445093085 0.11915691858844485 0.05032760973941987 0.02870013821204102 0.9911836673982443
1.305031472669399977e+09 34.33773012723041 12.052096776457004 18.318357243993592 0.11351457563615075 0.05426284848039653 0.016317593147372276 0.9919192106955157
1.305031472829200029e+09 33.89818188067426 13.442562573713738 17.908567629344564 0.10223747177429228 0.0537091560654063 0.01688537262122927 0.9931654998596079
1.305031472999099970e+09 34.06578251018843 13.150497859734257 16.61248485480967 0.09697214646525645 0.05533759787701745 0.010028709437382814 0.9936969246496352
1.305031473169100046e+09 34.32988352623325 12.652744698126966 16.05617218752277 0.09211912490930564 0.054790787819504576 0.011988864765712454 0.9941671406346576
