1.305033527876100063e+09 19.65106577338379 -20.303838437297753 -19.58761149079892 -0.007843778392465322 0.003064783139863005 -0.0025807719489080606 0.9999612101781664
1.305033527936100006e+09 19.188741704233518 -21.10415578018277 -20.779943328880137 -0.012044075201848675 0.013306237445911721 -0.007879398162265653 0.9998078812362731
1.305033528006099939e+09 18.503768142998467 -21.959609088283923 -21.697909884295466 -0.015088293034477156 0.019577069824147756 -0.012609374401761715 0.9996149685892076
1.305033528076100111e+09 18.32591444075873 -22.83292270324631 -22.230650476827883 -0.01860295068117114 0.022753402853695065 -0.01429201564086375 0.9994658329194913
1.305033528136100054e+09 18.261314663160924 -23.55125194080033 -22.989092193283405 -0.018989222886978175 0.02335070556728815 -0.015388871387626797 0.9994285049972679
1.305033528206099987e+09 18.038098483690646 -23.23269480465031 -22.135686156723285 -0.016801556626248385 0.027397010480551084 -0.015972763093916636 0.9993557836680633
1.305033528276099920e+09 18.466343988653225 -22.361302292180152 -21.832204063145095 -0.013469785128654653 0.028097062518349016 -0.013531468607948963 0.9994228431068303
1.305033528336100101e+09 18.733588438303126 -21.64287965332804 -21.19828420881847 -0.011678038931816048 0.023511323112857797 -0.01628194015309942 0.999522755877544
1.305033528406100035e+09 18.908840802436718 -20.877781433620154 -20.52064674851825 -0.010620998401521533 0.021435121886918217 -0.016682147040550696 0.9995746274854944
1.305033528476099968e+09 19.137449487837067 -20.20608697460728 -19.78824261746426 -0.009131161546405015 0.020735654879846133 -0.016805256106652715 0.9996020397501733
1.305033528536099911e+09 19.42356408467423 -19.32898347671948 -19.24208251549926 -0.006614543792854941 0.021355785586276682 -0.013914130250992274 0.9996532274802917
1.305033528606100082e+09 19.97301179357771 -18.53406515010615 -18.255152466310175 -0.0035844585645086946 0.0155768159199668 -0.009763018915860558 0.9998245835766608
1.305033528676100016e+09 20.426514317300494 -17.60747615008893 -17.567103477617994 -0.001217183501602471 0.013495357727676289 -0.005256168945284916 0.9998943776580325
1.305033528736099958e+09 20.690045606619606 -16.91812181864974 -17.008463026113734 -0.000716674225896519 0.016534036904472315 -0.004283858876814027 0.9998538696003626
1.305033528806099892e+09 21.230723352646798 -16.142197101947335 -16.53977275765108 -0.005006132300988496 0.019291557910296853 -0.00030957217733283584 0.9998013195619646
1.305033528876100063e+09 21.38970251394418 -15.395639115017243 -16.21765405654194 -0.006054917980316603 0.02519973640354587 -0.0003186555644328711 0.9996640484243067
1.305033528936100006e+09 21.83828017936065 -14.67280179738787 -15.620202954184986 -0.007054354824365354 0.026720657798185474 0.002163600141061186 0.9996157068390201
1.305033529006099939e+09 22.14395144666542 -14.12382996121522 -15.019891011996 -0.004850017368605106 0.026365695740287413 -0.00112202001319918 0.9996399694343684
1.305033529076100111e+09 22.304981348884535 -13.508688033896197 -14.20440253520548 -0.0049638965044969735 0.023535976522935 -0.0032524912279891555 0.9997053760190632
1.305033529136100054e+09 22.897997783615228 -12.807396008291446 -13.368248563176122 -0.0009041787776852031 0.02202490747733549 0.001103453154790537 0.9997564044818557
1.305033529206099987e+09 22.903557436346652 -12.877211277477393 -13.269933721186186 0.02165561638773228 0.017125222956131978 -0.003141394679243244 0.999613871781019
1.305033529276099920e+09 23.034486870061116 -12.441561197726914 -12.463270467813304 0.02763558020138607 0.01699630669076953 -0.006389857602617982 0.999453135462401
1.305033529336100101e+09 23.27309721556986 -11.930224214221678 -11.61358609335854 0.0313709131792973 0.016657545915557695 -0.006940153240452251 0.9993448985427239
1.305033529406100035e+09 23.2763631263245 -11.496730086317552 -10.7438851781993 0.034248099884635924 0.015716332608504805 -0.010373034411873884 0.9992359404568678
1.305033529479000092e+09 23.413685676347825 -10.845959870373978 -10.03721104914045 0.03729513653642435 0.016364094504552062 -0.010645590325048181 0.9991135874405905
1.305033529536000013e+09 23.480151607811358 -10.230393110082783 -9.306367618219893 0.04251529020192702 0.016065440006882318 -0.012293192453420297 0.9988909996369645
1.305033529606100082e+09 23.36712760120696 -9.605841726962474 -8.677463570620557 0.04421801514313886 0.016759648103763045 -0.01496352857912588 0.9987692296745535
1.305033529676000118e+09 23.491141697019888 -8.954750229389154 -7.991231716974772 0.0442275167802386 0.014377000742151518 -0.018467831048795916 0.9987472992831904
1.305033529736099958e+09 23.23279461594936 -8.524766392991712 -7.465141624001268 0.04253056577959831 0.016583104029037888 -0.025994283064193487 0.9986192712356436
1.305033529806099892e+09 22.874134493036127 -8.001065354599286 -7.322835434457218 0.04524047860680892 0.029249672249043006 -0.028999640431741337 0.9981266335608825
1.305033529875999928e+09 22.678478257 -7.30914956074264 -7.146861690978555 0.04618864223326005 0.038317058161625 -0.031144863227017268 0.9977115865204016
1.305033529936100006e+09 22.521311357489534 -6.59945765815527 -6.556476137260678 0.045744288406706274 0.03782010799872393 -0.033541022508093016 0.9976733429927054
1.305033530006099939e+09 22.61636870618777 -5.742916012970956 -5.7531021805923 0.045316782734109246 0.03419379630842751 -0.031692892526813364 0.9978841285740199
1.305033530076100111e+09 22.61862851004953 -4.871933349683032 -5.204920250767141 0.04708461199822088 0.03424619111257718 -0.030724692517385764 0.9978307626932384
1.305033530136100054e+09 22.797536390450052 -4.024298846673264 -4.533408353460776 0.04750206363361042 0.032885483081158226 -0.02917458754442934 0.9979032730654208
1.305033530206099987e+09 22.829313883898678 -3.0817607191243717 -4.0803389359117155 0.04930179872425877 0.032058346996520166 -0.028289341806468634 0.997868382188032
1.305033530276099920e+09 23.009232886952447 -2.184422168936741 -3.3582039846501717 0.04735560039983598 0.028735560358154992 -0.026594123079494547 0.9981104484471177
1.305033530336100101e+09 22.90438280524582 -1.915954549839688 -3.912159292036432 0.07796619082637571 0.025148698313079067 -0.029366351777413157 0.9962060195785147
1.305033530406100035e+09 23.322289470144327 -0.888305179455702 -3.5039919349986786 0.07882242321787859 0.02279179103362907 -0.02592447917650643 0.9962908617662655
1.305033530476099968e+09 23.47564448839357 -0.08220967081441655 -3.0165415587533797 0.07590972808872841 0.023049497980625017 -0.02731341129961066 0.9964739893180928
1.305033530536099911e+09 23.744076760597412 0.7622026098565932 -2.373068251335015 0.07173978869573266 0.021109186509731242 -0.026855142800921036 0.9968383049762541
1.305033530606100082e+09 24.04111447528582 1.5745630216187916 -1.4461891512536917 0.06821907479859651 0.01412120270005999 -0.026596932266903205 0.9972158004473842
1.305033530676100016e+09 24.19299685778849 2.3513044635467524 -0.5739891893982779 0.06664874667503674 0.007700840099985282 -0.02804871043715135 0.9973524509776941
1.305033530736099958e+09 24.475456837578157 3.2818257994371702 -0.17646420649549044 0.06772119127556996 0.009657342668207464 -0.02538418260793846 0.9973345573367711
1.305033530806099892e+09 24.560788746322654 4.001314422054208 0.4720373756052345 0.06984244017841366 0.009749655220737908 -0.025782869000373694 0.9971771264119081
1.305033530876100063e+09 24.666451325345527 4.610531615299439 -0.42952263604219626 0.10395835437421659 0.004011831976510089 -0.024885025583587086 0.9942621893955846
1.305033530936100006e+09 24.883800367882426 5.4044994308021135 0.003320812136222262 0.11310082892421938 0.0039309311210532225 -0.025373442613923478 0.9932516995641607
1.305033531006000042e+09 24.85095871928639 6.194292063029893 0.20572322433131346 0.12070415150741008 0.006586191764685906 -0.027452945277217526 0.992286987560817
1.305033531076100111e+09 24.729913470744272 6.850560014010913 0.9395936836827886 0.12251349265624928 0.006380893860618252 -0.027398384400389768 0.9920680706700298
1.305033531136100054e+09 24.67131142875896 7.573343285196814 1.6818010295688213 0.12213398456725995 0.006073957534213942 -0.026677223347561337 0.992136443543962
1.305033531206000090e+09 25.469421165258147 7.809850330688745 2.231420382969705 0.12466731063856758 0.004836084033384271 -0.02499691247864693 0.9918718809987024
1.305033531276099920e+09 24.99791467595453 6.927608595337455 1.940517271325158 0.12200574205878308 0.008849966373848264 -0.02467628289659951 0.9921831272815892
1.305033531336100101e+09 24.71216697295678 6.219882813898524 1.178139787923539 0.11808683550350645 0.011071072135500813 -0.02582964230287573 0.992605541099305
1.305033531405999899e+09 24.760486666672467 6.886652572838197 0.5293631360640743 0.1076924964049022 0.016249078817745434 -0.028057360758305876 0.9936554121841903
1.305033531476099968e+09 24.91203992321321 5.922928404902404 1.3500133277216018 0.09562651558219083 0.01900577020935444 -0.03345817867777596 0.9946732631854163
1.305033531536099911e+09 24.926563567505926 4.927448772868153 0.45662438410838513 0.0941028518022899 0.0230631393078291 -0.039551598352057626 0.9945091331685905
1.305033531606100082e+09 24.89366192090816 3.8292470966752976 1.2793224777326784 0.07699907082607317 0.02786730952458257 -0.04937193377513747 0.9954179867307432
1.305033531676000118e+09 24.847622923170274 2.220511643473678 0.8027725199830795 0.07194731654288418 0.032891314166451045 -0.062143645656123556 0.9949270889865488
1.305033531736099958e+09 24.77380696977969 0.5028429820484804 -0.05868902314907537 0.07013723251969867 0.04618059624382614 -0.07642351083952006 0.9935328721969918
1.305033531805999994e+09 24.63086579246119 -0.9897879330776379 -1.3584893282864328 0.07367522011469252 0.06165424557506385 -0.08902716543288207 0.9913853336410658
1.305033531876100063e+09 24.26368606891929 -2.4515549370820637 -2.4372171565376455 0.07652284294515038 0.07212121837673274 -0.10288694823366973 0.9891193356974727
1.305033531936000109e+09 24.12826838759898 -3.731186249487326 -3.220920712834095 0.07560167607809903 0.07751811171098152 -0.11172064701371746 0.9878227705220113
1.305033532006099939e+09 24.041552660089952 -4.735758435095368 -3.0851311786937217 0.061454809364336636 0.08952080156123257 -0.11842973179978342 0.9870074625450704
1.305033532076100111e+09 23.929317393819684 -6.002238066318516 -4.29049914866932 0.06077639392908985 0.10160933713414222 -0.12819133357356458 0.9846566683594681
1.305033532136100054e+09 23.56614961595489 -7.380415713950239 -5.2205679836538845 0.054955299318615314 0.10948063238389887 -0.13973900392340807 0.982581760970616
1.305033532206099987e+09 23.153409472916234 -8.69319418560101 -6.041756579275434 0.05091971959615149 0.11615473591048187 -0.14961722500139044 0.9805763333186757
1.305033532276099920e+09 23.155721802396037 -9.71850860909338 -6.921549673367012 0.04834281303112298 0.12221995616039237 -0.15457683188195337 0.9791992942142719
1.305033532335999966e+09 23.2248921891445 -10.7637228784549 -7.521487751955303 0.04536168540206342 0.1262282154628832 -0.15796245149029584 0.9782927062171711
1.305033532406100035e+09 23.254584329078398 -11.796657006645038 -8.060184272403928 0.04474977060617527 0.12693572322705482 -0.16182321990057968 0.9775980900659166
1.305033532476000071e+09 23.491477492056177 -12.706747686800172 -8.556539659082658 0.048301373784837 0.12436396375885625 -0.1665135465434606 0.9769717604036476
1.305033532546000004e+09 23.711797658070925 -13.77921873815237 -8.968975331505467 0.05120670003763677 0.12492890622446139 -0.17089556912152032 0.9759945423594575
1.305033532606100082e+09 23.91721120625953 -14.72641802534438 -9.578365387717984 0.053356649448224325 0.1265278679741551 -0.1745785329644443 0.9750210779329628
1.305033532676100016e+09 24.39808822917202 -15.509526444711142 -9.955751921781873 0.05348255466209897 0.12541929857006429 -0.17484391405738423 0.9751098510476155
1.305033532746099949e+09 24.378797499959543 -16.125156687095735 -9.337506283053123 0.03609975068309973 0.12135930237182803 -0.17869063821094677 0.9757245428624852
1.305033532806099892e+09 24.727943437465036 -16.95860192512498 -9.988800663070409 0.036362621403741704 0.12386261994907397 -0.18151253349727006 0.9748789726562995
1.305033532876100063e+09 24.444959717225792 -18.27137006856431 -11.170123765686855 0.03399666065834645 0.13626509577267515 -0.19272995772878368 0.9711494293526647
1.305033532946099997e+09 24.798008598217148 -18.81679134743619 -12.371508775551114 0.03394790071125262 0.15071085080175756 -0.1934634163550726 0.9688682500836392
1.305033533006099939e+09 24.224069915792658 -20.27337576214225 -13.635200874707264 0.025844029332125706 0.16083229334207755 -0.21005064138544902 0.9640247857912003
1.305033533075999975e+09 23.317657377923865 -21.78698823964992 -15.143226059032745 0.01805237234394635 0.17473163709690218 -0.2290917937578305 0.9574235827902985
1.305033533146100044e+09 22.34734221016599 -23.344221712804064 -16.56069897536523 0.01637534524294224 0.19363110667211067 -0.24739750374488445 0.9492277480867847
1.305033533206000090e+09 21.47416824436043 -24.809955499175167 -17.665109974869488 0.016424428658756842 0.2124053379730797 -0.26620838026216326 0.9400783524908819
1.305033533276099920e+09 19.66225316273292 -26.704067023188642 -18.926675145691934 0.014448811858022773 0.23589526481867984 -0.2905690344492125 0.9272077933728062
1.305033533345999956e+09 17.950910078466297 -28.378313836697327 -20.10742028221612 0.01684180754737622 0.2592220818179424 -0.3140405562643253 0.9131805926746923
1.305033533405999899e+09 14.313051493936667 -30.26306601000279 -20.801709848787254 0.01606814470986918 0.2871071358157814 -0.34399881756554856 0.8938546418757055
1.305033533476099968e+09 11.753922191995441 -31.763993249613605 -21.81901180804248 0.021948604127057438 0.31941638095141817 -0.36249025238289934 0.875266960009433
1.305033533546000004e+09 10.185488003636484 -33.14600579399431 -22.173742815419335 0.023424577920477356 0.33429999938637 -0.38014909449480355 0.8620797326896752
1.305033533605999947e+09 8.457497821213838 -34.4101630848225 -22.761180647829462 0.021379605296698512 0.347173479994894 -0.39672237920042813 0.8494850446636151
1.305033533676000118e+09 7.7991058742603245 -35.076408732421406 -23.3313907023821 0.02259320211396788 0.3600535425866254 -0.4058152706372393 0.8397410075771473
1.305033533746000051e+09 7.100904134670033 -35.731269347645046 -23.993478340137617 0.02342366244440365 0.37209219824012296 -0.4146454123206754 0.83010114449261
1.305033533805999994e+09 6.81805876915242 -36.51191254443354 -24.20258879451748 0.027813034037879717 0.3796204246077536 -0.4222925769544975 0.8226686743807413
1.305033533875999928e+09 5.5661002183164525 -37.43878941221623 -24.616002141052014 0.026526657095200887 0.39206592497867526 -0.4339480061292913 0.8107217617101332
1.305033533946099997e+09 4.1870125776932134 -38.212260890536406 -25.15392527576077 0.025226246011499566 0.4075329403346068 -0.44416848197999526 0.797492883146918
1.305033534016000032e+09 3.6292656220185853 -38.92968943031226 -25.396131299600196 0.02550780958042262 0.4170654356041936 -0.45066197460856283 0.7888659954115173
1.305033534076100111e+09 2.0140775566373614 -40.220521716671726 -25.388079947548437 0.029508014837450254 0.422916819444604 -0.4661489035294942 0.7765151902116683
1.305033534145999908e+09 0.5167983095760289 -41.26263410545491 -25.593329459195697 0.031430423757609 0.43063987870409737 -0.4789924338824905 0.7642824553890174
1.305033534216099977e+09 -1.0528159618830424 -42.04887332880617 -26.03362830946949 0.03278736840185157 0.44225332039474724 -0.48968994263674565 0.7506935121296326
1.305033534276000023e+09 -2.9177063757323527 -42.79699743870564 -26.531645120888687 0.033528572090019616 0.4527586696715476 -0.500907518272023 0.7368697849887849
1.305033534345999956e+09 -4.580201968366117 -43.5482284739839 -26.98208843444086 0.03170837469534789 0.4597688874624324 -0.5107866074822691 0.7257438878230327
1.305033534415999889e+09 -5.352312502826809 -44.204839694634856 -27.57251505028993 0.028889727310785672 0.46473294897424966 -0.5157970192870329 0.7191259310358777
1.305033534476000071e+09 -6.54792265779599 -44.80427911276826 -27.99973776839657 0.030207701336676194 0.4690854498140359 -0.5248356631628824 0.7096434754333301
1.305033534546000004e+09 -8.586561085024421 -45.089814100729114 -28.830220599219302 0.026270083388360593 0.47973365619606956 -0.5339013459342852 0.6957836263099891
1.305033534615999937e+09 -12.757513997478082 -43.9545043317218 -29.880520169810094 0.003308703437903964 0.49720138544678755 -0.5470154006190404 0.6734641685174839
1.305033534676000118e+09 -15.010444932642773 -44.27660136670003 -30.083162388339098 0.00013059267754947297 0.5073491635509362 -0.5563873006269681 0.6580501355449705
1.305033534746000051e+09 -16.449162093693946 -44.57201860840176 -30.29543579192773 -0.0027218622816916655 0.5169576023732825 -0.5620459188884762 0.6456406228506651
1.305033534815999985e+09 -18.78067192603093 -44.938815080663176 -30.20269390584944 -0.002958710437419977 0.5253421457759945 -0.5725013241611565 0.6294832084636915
1.305033534875999928e+09 -20.955966165548794 -45.22048238693117 -30.199202018063556 -0.003290146784534131 0.5335335358799079 -0.5812781140217983 0.6143670687666133
1.305033534946000099e+09 -22.920370030166836 -45.313339100225306 -30.445113219307064 -0.008123208781639503 0.5405881910119562 -0.5886027291868686 0.6010368111948556
1.305033535016099930e+09 -25.353609511857744 -45.10829753620753 -30.753281909620725 0.01190486533305401 -0.5491823290326148 0.5966119164953567 -0.5850737259144799
1.305033535075999975e+09 -27.66163767251032 -44.793012378255696 -30.92030430066415 0.011779476307446744 -0.5573678901826319 0.6048444796607231 -0.5686522965356187
1.305033535145999908e+09 -29.054371159978512 -44.34998292508973 -32.071387346004244 0.021688836572394277 -0.5667099851974162 0.6048402379590285 -0.5590506896439229
1.305033535216099977e+09 -30.378592814258703 -44.47290363726103 -32.34009066467718 0.019315399458010137 -0.5730641639337838 0.6080787093837484 -0.5490579774057068
1.305033535276099920e+09 -30.92217078558894 -45.054293641901076 -32.69352936916772 0.016195339441395964 -0.5761401143807783 0.6092113190853048 -0.5446667313872074
1.305033535345999956e+09 -31.0247948002128 -45.319724719725066 -33.76284090876189 0.019537285854112976 -0.5784598012648825 0.6083453423346148 -0.543063990006544
1.305033535416100025e+09 -31.223924313455537 -45.519874099530576 -34.54046352543864 0.024240629458243967 -0.5844126144073029 0.6056576553362848 -0.5394933665372019
1.305033535476099968e+09 -31.468925256181187 -46.07276590307163 -35.061700427313475 0.024398014841415377 -0.5875887131180189 0.6054659211189746 -0.5362417919667027
1.305033535546000004e+09 -31.61061538504648 -45.96807649972991 -35.41183344053413 0.03316749711107089 -0.5914132336919564 0.6026937874716666 -0.5346872943061843
1.305033535616100073e+09 -31.806189238016128 -46.537181862635634 -35.989270502223384 0.03533831325125055 -0.5928396661454635 0.603160320246326 -0.5324377540534114
1.305033535676000118e+09 -31.418830792401668 -46.60854747118641 -36.20668700258735 0.04021012190833529 -0.5977308017153335 0.5983870235851095 -0.5320094029073311
1.305033535746000051e+09 -31.399616936134926 -46.87290028504552 -36.172619696559785 0.04332248206476293 -0.6025379268773361 0.5946375192835596 -0.5305444655091639
1.305033535815999985e+09 -31.819320391047054 -45.941229743362456 -35.7528702615471 0.043597255406495866 -0.60390372605245 0.5939858548574402 -0.5296983794672819
1.305033535876100063e+09 -31.888774900096955 -46.47452225455956 -36.2581322957921 0.046762069560222934 -0.6058076250284647 0.5936918296582012 -0.5275797965283673
1.305033535946099997e+09 -32.2600528113796 -45.01204783201056 -37.59699093879702 0.05053654707195496 -0.6127590900821036 0.589095182990628 -0.5243464697211522
1.305033536016000032e+09 -31.91522178483065 -45.79999899758762 -38.312176082167774 0.050235744937652864 -0.6125154022795066 0.5884220024741256 -0.5254148826453945
1.305033536075999975e+09 -31.628278183734132 -46.1862407955827 -39.16732174534704 0.05443311677486795 -0.6145387687625838 0.5864807925799891 -0.5248041705442981
1.305033536145999908e+09 -31.864359325552464 -46.74914016052118 -39.716551673824284 0.054429155521760766 -0.6169805508563916 0.5865039859861997 -0.5219056823952305
1.305033536206000090e+09 -31.585261049518017 -47.09871514472242 -40.155293415585426 0.057293158753791804 -0.6191864974219009 0.585921181104625 -0.5196363583347223
1.305033536276000023e+09 -31.0001266300541 -47.40881013084858 -40.36691561352011 0.059141110270519145 -0.6216818780887133 0.5843129133586142 -0.5182589997428203
1.305033536345999956e+09 -32.46108485066866 -46.90570599255822 -40.4637367631224 0.060869271925172275 -0.6234156902194709 0.5852013747826599 -0.5149632607050381
1.305033536406100035e+09 -31.893263623443765 -46.621686608227115 -40.06739175586 0.0612623900897892 -0.6268855754225303 0.5834662566886489 -0.5126680428829022
1.305033536476000071e+09 -32.89115708392512 -47.029506700099766 -40.505348941366606 0.06050755935141902 -0.6289115924507357 0.5843144616029944 -0.5092991793671153
1.305033536546000004e+09 -33.674415218890346 -46.86462297641524 -40.345925408863366 0.05652161098088776 -0.6260532936380929 0.5909625168506549 -0.505594585309772
1.305033536605999947e+09 -33.90934823277244 -46.665388816744795 -40.06289779640864 0.05250231191420516 -0.6215483288013834 0.5976363382051424 -0.5037380166958011
1.305033536676000118e+09 -34.35972853644603 -45.90539754036844 -38.988312646114714 0.04987287278719481 -0.6207361212133565 0.6019532942926741 -0.499851573840822
1.305033536746000051e+09 -35.066287618839475 -45.144025344676194 -37.801688158475315 0.04965849469049954 -0.6207430572891122 0.605612482284722 -0.49542467846623944
1.305033536815999985e+09 -35.97647073871613 -46.18033031811378 -37.353690011903296 0.04656578787101309 -0.6195663510457867 0.6110512013922226 -0.49049525311554465
1.305033536876100063e+09 -36.797856824037986 -45.29268778024063 -36.17195971204489 0.04397803231023596 -0.617535160823534 0.6179714420997243 -0.4845900892197026
1.305033536946000099e+09 -37.73218790432954 -44.433911978824526 -34.8144941667111 0.039841304047998904 -0.6165674096230033 0.6244115078753598 -0.47787819443384744
1.305033537016000032e+09 -37.964682139068984 -43.67882129803643 -33.60890543846823 0.03594784889434959 -0.6167945703893062 0.6285914221238333 -0.4723822965887661
1.305033537075999975e+09 -38.353152976247955 -42.90208275095696 -32.29614721588685 0.03327784261574998 -0.6174269180305486 0.6320803690056157 -0.46706636915952754
1.305033537145999908e+09 -38.536277945721324 -42.18517015286378 -31.20475454292501 0.02915907072714394 -0.6162822856847031 0.6359384606121403 -0.463603459068015
1.305033537216200113e+09 -38.81843821936767 -41.334662803191904 -30.388644808507213 0.027639622696967264 -0.6135023972894187 0.6404014855244957 -0.4612339938852346
1.305033537276099920e+09 -39.30923287232378 -40.280032723289594 -29.428502586689575 0.024485394636818713 -0.6149065101622969 0.6432905811025933 -0.45548619899420917
1.305033537346199989e+09 -39.972205113007284 -39.08592148856704 -28.475821554690622 0.021957755545457057 -0.617285923164497 0.6458367128895918 -0.44874367551902855
1.305033537416199923e+09 -40.714332203617715 -37.93469037626792 -27.59672016606212 0.01895059783176796 -0.6187425991846045 0.648946677845463 -0.4423422657958828
1.305033537476200104e+09 -41.30292467277093 -36.936875858880526 -26.482580687550907 0.015583197863122396 -0.6205629478169831 0.6510602500245093 -0.43678294675854556
1.305033537546299934e+09 -41.67757742241933 -36.05667678920709 -25.490917070050607 0.010973795315677208 -0.6205034602674002 0.6541194799704803 -0.4324150061407454
1.305033537606300116e+09 -42.25148424753307 -35.037863841631285 -24.18091587582607 0.0059215794096961595 -0.6220466456422252 0.6574238473355941 -0.4252255760146797
1.305033537676300049e+09 -42.686913406523395 -34.1288735805689 -22.914016841014842 9.160104910874903e-05 -0.6232135660939776 0.6602340350112147 -0.4191609018724021
1.305033537746400118e+09 -43.37880510095132 -32.86535032821957 -21.836344028104037 -0.0017393579760475704 -0.6215951126466782 0.6664343998750345 -0.41168152889193066
1.305033537806400061e+09 -44.430154750487915 -31.177999977473185 -20.742563687754284 -0.002551625054791415 -0.6232996990179249 0.6717970845598545 -0.40022450148713246
1.305033537876399994e+09 -45.341715572392054 -29.424063251839833 -19.45561392919761 -0.00434619992504884 -0.6273097716775251 0.6756121767398279 -0.3873135003391624
1.305033537946399927e+09 -46.15982495285523 -27.404703731287924 -18.578101225603252 -0.001384126286136564 -0.630604287800205 0.6792644514347419 -0.3754145993691229
1.305033538006400108e+09 -46.557450546297886 -25.62134774673999 -17.49294268834352 0.0006165149483493864 -0.636555280346802 0.6801605755479665 -0.3635637309223534
1.305033538076499939e+09 -47.40360783831151 -23.45904227878132 -16.619159660770084 0.004452943075915952 -0.6380888304721724 0.6854071245114374 -0.35077042263221286
1.305033538146500111e+09 -47.5778960171773 -22.246897237212945 -15.370029615602217 0.005294893812339676 -0.6391032521934602 0.6883885518040128 -0.34298717013968955
1.305033538206599951e+09 -47.640703554322414 -21.116636146155752 -13.907689671202428 0.00408501588015973 -0.6399490676737553 0.6920409798087843 -0.3339577603441017
1.305033538276599884e+09 -48.167534906542095 -19.310712869782098 -12.343445980337009 0.0019921942211526635 -0.6370037411245435 0.7013251624490102 -0.3199457477001224
1.305033538346600056e+09 -48.581496542469395 -17.419121006846733 -11.005609524799032 0.001515296168032668 -0.6339612335193414 0.709956530547018 -0.30667993577311065
1.305033538406699896e+09 -47.97231721198603 -16.77758580615861 -10.13641990730588 -7.019260390722224e-05 -0.6338910127150045 0.7117421063883134 -0.3026637623933047
1.305033538476700068e+09 -48.48078377460792 -14.939986802339847 -9.077394951239846 -0.0005436686121764493 -0.6304399461777567 0.7196181700671838 -0.29102382719802294
1.305033538546700001e+09 -49.14498707266919 -12.886532633155 -7.877627044705008 -0.0018920922655921136 -0.6266971367699199 0.7286773909518655 -0.27618178554500095
1.305033538606699944e+09 -49.58211549564477 -10.85661664763558 -6.419059047726151 -0.005163623639247856 -0.6243248059470106 0.7364734076602217 -0.26038201450845366
1.305033538676800013e+09 -50.784796458491314 -8.208215863956447 -5.258322446978694 -0.0022960952258672548 -0.6196944247737575 0.7475536164142225 -0.23903376003621976
1.305033538746799946e+09 -51.20702880107463 -5.905589918491014 -3.643071292802673 -0.0059305047569424155 -0.6169120035445728 0.7555226177666201 -0.22038598648512653
1.305033538806799889e+09 -51.75793858122424 -3.6500443385620143 -1.7835655271944955 -0.010591942759867546 -0.6132700740668304 0.7638104512681606 -0.20095079381820027
1.305033538876899958e+09 -51.882872622476356 -3.3165572907575402 -0.4284443122430097 -0.016400710630370383 -0.6099797820468341 0.771127149372108 -0.1817102134888472
1.305033538947000027e+09 -51.88860569797241 -0.8647947411220266 0.8016823092888895 -0.01706041908984568 -0.6048208044029297 0.7789705136525811 -0.1646380135986401
1.305033539006999969e+09 -51.659257880767775 1.2688733394414884 2.8445022795446175 -0.023594193274442676 -0.602849429752501 0.7840785784946991 -0.14572804066666448
1.305033539076999903e+09 -51.44809327733212 3.400418591989229 4.2627389901982715 -0.026687993278188955 -0.6009578838220392 0.7881797714437666 -0.13003853572603677
1.305033539147000074e+09 -51.12925532746258 5.254939509272726 5.638338387133383 -0.02852178820251192 -0.6006930787864945 0.7903371313541194 -0.11713902636899028
1.305033539207099915e+09 -50.78668071271023 6.940023777088857 6.619403283535238 -0.029862341354080432 -0.5993237164125998 0.792702753128055 -0.10743215858132849
1.305033539277100086e+09 -50.584244009993895 8.701614415614715 7.396050607890732 -0.02942873925292043 -0.5987164295970943 0.7943682844954955 -0.09824263241676238
1.305033539347100019e+09 -50.14352447502239 10.522769065784427 7.875744659069248 -0.026893413721559855 -0.5985105883509777 0.7956285808332401 -0.08964921244189544
1.305033539407200098e+09 -49.75211678244688 12.344855549362372 8.53080578565134 -0.026850399146144004 -0.5990150793040453 0.7963374485606988 -0.07941447507789441
1.305033539477099895e+09 -49.460382143202786 14.303270487969925 9.102433306512319 -0.024374264400337804 -0.6010424046461308 0.795883948291696 -0.06872164072371909
1.305033539547199965e+09 -48.82454320797256 15.801799016470303 9.46904703816532 -0.021283353605088737 -0.6020429837327262 0.7956968685153889 -0.0629107147656166
1.305033539607300043e+09 -48.49693539532068 17.759885288600394 10.120459871098541 -0.01785025287240675 -0.604380197724171 0.7947832186155322 -0.05220709222335921
1.305033539677299976e+09 -47.7716005548693 19.31237793063258 10.189836113601817 -0.01397041291354118 -0.6063221413332067 0.7937683109967418 -0.045936444676528874
1.305033539747299910e+09 -47.19992423048319 20.572522003868098 11.033631469484265 -0.011897562485047754 -0.6094963134598801 0.7916725561838408 -0.040339257195359565
1.305033539807399988e+09 -46.402348636161356 21.137811279490457 11.095835073673598 -0.008511434926962273 -0.6101129820569557 0.7911879249714473 -0.04136873191709451
1.305033539877399921e+09 -45.84087164495488 22.592516042917126 11.979701215929499 -0.004844322805058428 -0.6119195368645133 0.7901771483962319 -0.03392767443369886
1.305033539947400093e+09 -45.22719819764584 24.241047554945265 12.933767003605062 -0.0046403092297833265 -0.6122286456998187 0.7903079659578954 -0.023830062071084596
1.305033540007499933e+09 -44.22839415196796 24.765125182863354 14.134948947726581 -0.00549730783472096 -0.6143607698484116 0.788800401144409 -0.018015305499964492
1.305033540077399969e+09 -44.74369748870097 24.707585418072025 14.193913282334837 -0.008428513254561457 -0.6169594618247206 0.7868456250138745 -0.012804101912821836
1.305033540147500038e+09 -44.105206063351275 24.173201706672263 14.401992668713953 -0.00779023413147357 -0.6178523591923778 0.7862242261933475 -0.007017167467119313
1.305033540207600117e+09 -43.258011312620816 23.75183666467257 14.900022824578699 -0.009723859806967945 -0.6199673062998808 0.7845629682906005 0.0026333356729368656
1.305033540277600050e+09 -42.47230007167085 23.310286227934924 15.201961172289206 -0.011293370082291218 -0.6214267139366995 0.7833103085358126 0.011236527023498389
1.305033540347700119e+09 -41.972027129044235 22.701028836906747 15.504429002588884 -0.01005007856061633 -0.6234287227001878 0.7816298069041662 0.01704313915608403
1.305033540407599926e+09 -41.240439381279884 22.052215518062564 15.73402191414964 -0.009494593492255277 -0.6255929103492368 0.7798063134697623 0.0211063186720855
1.305033540477600098e+09 -40.813055487550834 21.40334028949666 15.750857884720748 -0.008742215205953505 -0.6273709352570009 0.778231219685597 0.02618113776590018
1.305033540547699928e+09 -40.6046891388379 20.976558798441193 17.023431100575454 -0.007775142642804266 -0.6326332872964551 0.7737187599880504 0.03277119777973454
1.305033540607700109e+09 -40.30606048133012 20.769115031327505 16.100775355378715 -0.005411555717680332 -0.631208477440561 0.7747941961126724 0.035221112163032635
1.305033540677799940e+09 -40.406233570056855 20.462013889743755 17.234987153369687 -0.0017712967276316343 -0.6398120207742489 0.7672852694188321 0.043712194105824644
1.305033540747699976e+09 -39.64155350215849 20.141330681282398 17.10437654578814 -0.0027468548563671247 -0.6419126473337373 0.7650693863438219 0.051082698253701105
1.305033540807899952e+09 -38.94290915545729 21.205111548866594 17.19773578699262 -0.0011748858272981836 -0.647346297458623 0.7600374495837083 0.05731026121207803
1.305033540877799988e+09 -39.39938930623053 21.903441243432017 17.934674823182306 -0.0020340644297491043 -0.6485482306138142 0.7587985149153734 0.06004888768170667
1.305033540947799921e+09 -38.879963517736144 21.220641374128736 18.877268773810755 -0.002158850901563606 -0.6523302181434804 0.7554646760666875 0.06110441125744433
1.305033541007900000e+09 -38.20864660071318 20.626697239091357 18.839236462056288 -0.003291140973390124 -0.6501362635696862 0.7569927695242432 0.06537548524299273
1.305033541077899933e+09 -37.52955866164714 20.118269291796945 18.76919071817203 -0.003387368896991649 -0.6483431644181621 0.7580411774170039 0.0708042387462929
1.305033541148000002e+09 -37.105438027917934 19.700325492057946 18.623897521214186 -0.0019370261291815649 -0.6465925365333536 0.7588715955401433 0.07764174850875079
1.305033541207900047e+09 -36.61718919037911 19.18178602012666 18.463827191424322 -9.590339810584913e-05 -0.6449398187683076 0.7597653753006904 0.08251784936510141
1.305033541277899981e+09 -36.06016905743003 18.831705538432008 18.003719651138876 0.0018496124935817005 -0.6429243848971905 0.7608940531286871 0.08766444063353915
1.305033541347899914e+09 -35.36068342209661 18.509928653081595 17.561315121059074 0.0024370596023484538 -0.6410156554686164 0.7619091333300378 0.0926685638871423
1.305033541407900095e+09 -34.6874068493576 18.166015625735028 17.283164378169992 0.003856257649724926 -0.6404282239451654 0.7615063975467713 0.09972374715542401
1.305033541477900028e+09 -34.09661772796557 17.76075379734008 17.060148681238466 0.006578497022790129 -0.6419674831428664 0.7591838020366479 0.10711875974503336
1.305033541547899961e+09 -33.40187108494403 17.214378422443886 16.837949064479563 0.006573378806417325 -0.6428855153292816 0.7577144652720986 0.11190975823532566
1.305033541607899904e+09 -32.93808806933123 16.651014214733294 16.9294806419436 0.008722011898168975 -0.6445837998008919 0.7550519963410268 0.11971689255958015
1.305033541677900076e+09 -32.14905729751264 16.2532516390992 16.84496869965891 0.008652247592257634 -0.6447476139186571 0.7535094813608874 0.12825410113149277
1.305033541747900009e+09 -31.465858031571226 15.672861773826495 17.011615084371815 0.008922097374385695 -0.6454562517123131 0.7514907177481179 0.1362656392578535
1.305033541807800055e+09 -30.85986605338811 15.25783337973961 16.99962496068784 0.012132376120206493 -0.645096083270338 0.7501517074034957 0.14483184966908058
1.305033541877899885e+09 -31.14304118598872 15.307158913743121 17.94396501682413 0.016909406549761134 -0.6493051768232665 0.7447902743854355 0.15298466100073302
1.305033541947900057e+09 -30.27259348647149 15.245669013651392 17.39145413112006 0.01975267490729444 -0.6487067496300368 0.7441024341801195 0.15843280047282068
1.305033542007900000e+09 -29.30999078269035 15.129518090256857 17.10120213402285 0.022560068592446383 -0.6497813429146533 0.7409816965227449 0.16799218768564514
1.305033542077899933e+09 -28.9288820549601 14.785349934334198 18.229161947937385 0.029332027039033575 -0.6598436412194855 0.7299724146649409 0.17574491503377243
1.305033542147900105e+09 -27.877854269291614 14.570310137361814 18.029940150802723 0.030547423091321926 -0.6612446378032302 0.7268926577135444 0.18289190272151046
1.305033542207799911e+09 -28.025501893422216 15.490083602028813 18.965136984743676 0.033570330403568646 -0.6624195339360572 0.7233713952310178 0.19185207462538106
1.305033542277899981e+09 -26.94322220419881 15.259521470777866 18.79818928397347 0.032820401349796066 -0.6611710526280313 0.7230228238820084 0.19751874991419344
1.305033542347899914e+09 -25.91677448666079 14.585872966085741 19.430712124466712 0.030101298022465455 -0.6627281725271795 0.7196491812745318 0.20491543886941255
1.305033542407900095e+09 -25.12362801055236 14.510300951614154 18.748710471441115 0.03022571221516409 -0.6580932324545039 0.7228659864633983 0.20848134049110092
1.305033542477900028e+09 -25.32325367216135 15.588676149561543 19.339016490623326 0.032664604670158484 -0.6571453919387994 0.7216504129020704 0.2152060385156872
1.305033542547899961e+09 -24.563998824828904 15.49790891282925 18.66032556622037 0.03689938951556651 -0.6542528435347109 0.7221175152832789 0.22167080525235297
1.305033542617899895e+09 -23.487592068237465 15.107971354965628 18.630467543290358 0.035123825104187205 -0.6516830792792375 0.7224231432520419 0.22843004002324432
1.305033542677900076e+09 -22.505469060593708 14.653955704836207 18.611575114143733 0.03440068047480611 -0.6486713817266718 0.7225720171944231 0.23649886189845123
1.305033542747900009e+09 -21.698443132716548 14.17913741291353 18.395107121431202 0.03636527634136376 -0.6477014828928847 0.7205670575275268 0.2448335584455215
1.305033542817899942e+09 -21.19248793219016 13.561755941730897 18.081306929117265 0.03983651979334912 -0.6481535069951874 0.7178892120039309 0.2508887449627205
1.305033542877899885e+09 -20.43103017469549 13.044890605051886 17.779839744736122 0.041622278949934914 -0.6473551165247444 0.7164424226209788 0.2567278599475159
1.305033542947799921e+09 -19.751909716142436 12.662576590846744 17.219539644803408 0.041587866805976606 -0.6444068643368907 0.7173556103724537 0.26155529204584815
1.305033543017899990e+09 -19.166937742505585 12.104567742014193 16.782786841850765 0.04539535676775521 -0.6455700831246234 0.713982056758198 0.26722303790228913
1.305033543077800035e+09 -18.541880424948488 11.72978568984393 16.13669373154294 0.04746047423638675 -0.6443379734223892 0.7135803544275936 0.27088587480002657
1.305033543147799969e+09 -17.71058726720185 11.251106809362563 15.807637364752733 0.0459750112948962 -0.6415026401792143 0.7139294897584638 0.27688507477426644
1.305033543217900038e+09 -16.850312415961305 10.796376991610046 15.524185135430931 0.047836095085497354 -0.6406294384760782 0.7112176657163315 0.28543836907081815
1.305033543277800083e+09 -15.824390505096527 10.35784505854784 15.403301271448823 0.04758571680519698 -0.6392422476464534 0.7090923497081624 0.29375668156725054
1.305033543347899914e+09 -14.817375709374147 9.727564256984978 15.5089348198557 0.04455519686959101 -0.6370790188146541 0.7065317170052223 0.3048902935216561
1.305033543417900085e+09 -14.75643866689896 9.511417496602098 16.631479112728208 0.04987112311192576 -0.6429045148575058 0.6963672597671634 0.3150544324077383
1.305033543477900028e+09 -13.636832754124232 8.948744205145822 16.889115298183846 0.049387854004894635 -0.6405371205720513 0.6921070570710174 0.32903017885682184
1.305033543547899961e+09 -12.405844660262478 8.525712464755799 16.87484186749633 0.047476277619096584 -0.6363677271079763 0.6893362400409309 0.3429251625720906
1.305033543617799997e+09 -11.43460288865411 8.264554687118371 16.42371174336646 0.04797546903623877 -0.6297904462779046 0.6887216380185175 0.35598434442110055
1.305033543677900076e+09 -10.449172670279642 7.668646804124876 16.345278204531972 0.047877451227311116 -0.628024618422044 0.6854044167033386 0.3653951475914514
1.305033543747900009e+09 -9.444529456265538 7.187600267701435 15.987591463066343 0.04812534135779856 -0.6267968467854184 0.6790020780434189 0.3791646639545552
1.305033543817800045e+09 -8.673405999393221 6.254517160867347 16.156372273196364 0.04810013724620305 -0.6275940462804158 0.6692064138694491 0.3949365335167957
1.305033543877899885e+09 -8.156646522771076 5.7352302358809375 15.556728388906555 0.04910128855367407 -0.6245954602493371 0.6653750315363689 0.4058887063053909
1.305033543947900057e+09 -8.034755870580208 4.849996091652827 16.496378875016543 0.05002122727535942 -0.6318391542783853 0.6508993177991692 0.41786030923170714
1.305033544017800093e+09 -7.309992191491961 4.346722947604482 15.92809131854346 0.04950144600479718 -0.6287533531710557 0.6477764726976051 0.4273224416515431
1.305033544077899933e+09 -6.712909320032509 4.003077277467279 15.184086317712026 0.05093363541147404 -0.6266750783557924 0.6434982308017094 0.4365708853171528
1.305033544147799969e+09 -6.153106566361222 3.4754179694813176 14.54583626914491 0.052015785339431735 -0.62412455951342 0.64035985999735 0.4446370902116421
1.305033544217900038e+09 -5.878860573459658 2.5822534804491486 15.37845864137138 0.05096038879307106 -0.6297255828463844 0.6294338761929743 0.45239553996865206
1.305033544277899981e+09 -5.294605119284394 1.9024269446814173 14.82947737098835 0.05127076070370847 -0.6290265227601984 0.6245818324436825 0.4599939970721013
1.305033544347800016e+09 -4.714836960418235 1.4206617502276906 14.1125609225134 0.049849191634478075 -0.625957436581498 0.6203528521605219 0.46995178954655975
1.305033544417900085e+09 -3.992528143713907 0.49617288091289524 13.970135717313164 0.047839232870251144 -0.6258738021408699 0.613276851134003 0.47946313252979034
1.305033544477900028e+09 -3.402614959068173 0.07063836972095433 13.236780858349473 0.04727891821669845 -0.6212669943613927 0.6106409215895868 0.48878388935156186
1.305033544547800064e+09 -3.680811851445734 0.8732742207224146 13.54798922946869 0.04565453419197377 -0.6187650733441454 0.6053989534583658 0.4985354096437319
1.305033544617899895e+09 -3.810116888801901 0.33129140371414834 14.479520293480173 0.04586051514318948 -0.6220470682163354 0.5951393642628411 0.5067182601595139
1.305033544677900076e+09 -3.0885671577929292 -0.4479627876716035 14.214881752923388 0.04587170836399152 -0.6190250008456146 0.5906006944472545 0.5156497400545027
1.305033544747900009e+09 -3.5181026393598107 0.12985715971715628 14.776057950331769 0.04601871338077596 -0.6155793254444603 0.5853897422990445 0.5256074787473817
1.305033544817800045e+09 -2.449931350207801 -0.239813229589301 14.52303871911977 0.046616607897532164 -0.6119903115672188 0.5810268261559179 0.5345115318710786
1.305033544877899885e+09 -3.0154016236623766 0.3957675253808528 14.780135331266553 0.04920198777580778 -0.6073262108192745 0.5751839911867802 0.5457997932697093
1.305033544947900057e+09 -3.6124448988360482 0.9275990440285125 15.073115037055146 0.051143084420366546 -0.602549061079493 0.5692737965259522 0.5569976288074495
1.305033545017899990e+09 -2.74719112076016 0.2605859368734963 15.155080561974437 0.054199667008714356 -0.5978501004366481 0.564069294401946 0.5669774992157315
1.305033545077899933e+09 -1.5746555036017758 0.13016309392557415 15.099363110296311 0.05238518051459879 -0.593533945935709 0.5640386923637585 0.5716936254682409
1.305033545147900105e+09 -1.1860854750071703 -0.7656788862402999 14.972848873884063 0.057412043290004815 -0.5917427298120203 0.5585583080835795 0.5784090381993473
1.305033545217799902e+09 -0.27764918077178014 -0.8166324521287703 14.482302616291765 0.061140146410836614 -0.5894485394727291 0.5555801203983939 0.5832178251977851
1.305033545277800083e+09 -1.1470027811170453 -0.4900343066408259 14.447939710437035 0.06629513924505168 -0.5864227899234683 0.5492949540179797 0.5915981063705671
1.305033545347800016e+09 -0.2153939473605746 -1.0079236620164203 14.610570161759702 0.0691497666441678 -0.5823412549238857 0.5457715863814928 0.5985234732952082
1.305033545417799950e+09 -0.9099051625788761 -1.4587508957229018 14.425123223205969 0.0693755554702144 -0.5779478463374157 0.5432036803282355 0.6050562625863832
1.305033545477799892e+09 -0.7396886198923294 -0.40866926346656784 14.476831125694964 0.0724899359664925 -0.5743074623972179 0.5397335779919464 0.6112313903968394
1.305033545547899961e+09 -0.7261923216008351 -1.0784022340670314 15.011821557147957 0.07653042721935299 -0.5678169160215525 0.5399239351971169 0.6166110506556431
1.305033545617799997e+09 -1.0491870098083598 -1.6811982562106755 14.508992427898729 0.07531157802559951 -0.5619521689985383 0.5398448378428873 0.6221780107232328
1.305033545677900076e+09 -0.15590964970240895 -0.8130839621130252 14.478401630532861 0.07429552574338731 -0.5550821119952816 0.5445502024487608 0.6243629559882494
1.305033545747800112e+09 0.3926885893367179 0.1212052665877178 14.935570201998525 0.07595371051746772 -0.5497903751357801 0.5475837537055023 0.6261897555409854
1.305033545817800045e+09 0.6200255184469791 1.0626255044432356 15.534357819391357 0.07830663545002257 -0.5443071884176475 0.5492575757826375 0.629216871139636
1.305033545877799988e+09 0.786878874333229 2.1086769219599293 14.627835594061338 0.08910639506901089 -0.5327943405998237 0.55728798686845 0.630571439786734
1.305033545947900057e+09 0.7137763606834674 3.2179707853365094 14.805564529719192 0.0936171301649434 -0.5276118796261238 0.5571375873499363 0.6343967576989663
1.305033546017800093e+09 1.3572412721795688 4.076772014053562 15.058088243292557 0.09077705224102627 -0.5242287261399149 0.5610234027438971 0.634189649119103
1.305033546077800035e+09 1.241924845582238 5.00965140034523 14.232550419612146 0.09890051716560717 -0.5185761116908408 0.563747361508313 0.6352058063969497
1.305033546147900105e+09 1.705696150643147 5.688555643965225 14.792274153865533 0.0976876735799238 -0.5184438312645389 0.5619539698067914 0.6370877867866223
1.305033546217900038e+09 2.2235948706539017 6.2831252680807514 15.467848093707529 0.09398624251244356 -0.5156165908728975 0.5596745912619259 0.6419271526667177
1.305033546277899981e+09 2.5268901310255663 7.222738185246744 15.842572300549701 0.09865045846506261 -0.5124975489751591 0.5562558574971637 0.6466790319309749
1.305033546347899914e+09 2.7184823088293166 8.27710085268518 16.058262196484154 0.10559011407398831 -0.5090017909029667 0.5531605926927341 0.650984841113246
1.305033546407900095e+09 3.1454228115625806 8.582434925629796 16.881530177172266 0.10500183379297523 -0.5136347027327499 0.5490359955923594 0.6509327788586613
1.305033546477799892e+09 3.4950177659765704 9.413488662613931 17.331426905152956 0.1080437625045638 -0.5113773863250474 0.5444003951699957 0.6560853022877232
1.305033546547800064e+09 4.235527400114308 10.1125524310446 17.709128357024518 0.10297136255009802 -0.5081070335017264 0.5453224413389908 0.6586710681157437
1.305033546617799997e+09 4.435289088364395 10.785204286477668 18.411406630612216 0.1060981896596176 -0.508560780391364 0.5425310294189611 0.6601281609780643
1.305033546677799940e+09 4.571106415955228 11.423389233672829 19.170465804250146 0.10536850057662363 -0.5098448474423916 0.5437795252841068 0.6582245350216521
1.305033546747800112e+09 5.1619761575186764 12.122656782718744 19.714632411395463 0.10383332268148054 -0.5068262397552561 0.5438682624730575 0.660721663691307
1.305033546817800045e+09 5.612011439605858 13.079386458725018 19.964966856330236 0.10769620329554433 -0.5034907435469943 0.5414375605190576 0.6646382226575533
1.305033546877799988e+09 6.092932871155255 14.040736579996505 20.10491270735974 0.10931762073069748 -0.5006572585713189 0.5403411824970233 0.6674004597955784
1.305033546947799921e+09 6.3387736159574235 15.248077964343773 18.848660306057003 0.11926170662201717 -0.4918276487857827 0.5492370217369194 0.6649969196748294
1.305033547017800093e+09 6.396248091350767 16.330515097636244 17.40914979612874 0.13142538651770017 -0.4814689242170762 0.5565051602219372 0.6642417101012857
1.305033547077800035e+09 6.7151570637347655 16.731740620061075 18.299054661504222 0.1268673130840898 -0.4845826848897309 0.5563617067788132 0.6629826224012579
1.305033547147799969e+09 6.691125103291213 16.981054021061187 19.33047097216305 0.12769948734227807 -0.4873424258075434 0.5506420398847601 0.665570090112295
1.305033547217799902e+09 6.939787800554901 18.06544932346428 18.163428070482823 0.13845945896010975 -0.4793716229949211 0.5530422271217372 0.6672151979023841
1.305033547277800083e+09 7.127306870134589 19.085571858124034 16.880474563618918 0.14827197348933902 -0.4702071864898514 0.5563514665474504 0.6688749280107428
1.305033547347800016e+09 7.435474230441481 20.09635044210873 15.808385837583398 0.15540793182779702 -0.4609055946350545 0.5574290706552049 0.6728203614246437
1.305033547417799950e+09 7.853604224367454 21.142659292616937 14.034771049549013 0.1697430332282828 -0.44639488077195744 0.5645952227765048 0.6731650224937427
1.305033547477900028e+09 8.352184108243167 22.11875165856178 12.575745151529526 0.17709038494190338 -0.4341932487186404 0.5711371531446551 0.6737340503686156
1.305033547547899961e+09 8.534610171937882 23.136689213996192 10.73042829587777 0.19231325889478046 -0.4222833487637345 0.5817789622893809 0.668001214705218
1.305033547617899895e+09 8.85079288046371 24.044108647570376 10.90876490590745 0.19463123893745138 -0.4167940363273541 0.5808765793578525 0.6715532828191261
1.305033547677799940e+09 8.996174895887748 24.81262886304187 9.369637182952436 0.2059962929587981 -0.40662151522821244 0.5834981678451004 0.6721267430791285
1.305033547747800112e+09 9.112932922308543 25.770994929280548 7.884496844154812 0.22005240032368714 -0.4013133794654987 0.592712791253819 0.6627337773630306
1.305033547817800045e+09 9.287785604759895 26.79415598065671 7.789133644653292 0.21978657258037057 -0.3949853648550966 0.5950386581650412 0.6645369962257984
1.305033547877799988e+09 9.293036275493394 27.603920152135093 8.22927429697676 0.21916940521197306 -0.39147928635287255 0.5960040691507501 0.6659488642016169
1.305033547947799921e+09 9.101022885078027 28.508961431940115 8.703531573262648 0.21719478060367312 -0.39158742560808407 0.5971082897062083 0.6655429405742972
1.305033548017800093e+09 8.941152268602192 29.288105992600066 9.527570493402568 0.2146345909853917 -0.3950544083266701 0.5968171861135011 0.6645850232842753
1.305033548077800035e+09 8.596256614532592 30.33866868240089 8.03686380283164 0.222608929461234 -0.3872625561475383 0.6045289509441997 0.6595587347617369
1.305033548147799969e+09 8.376586326095795 31.309706993529677 8.52899660798834 0.22149139880066285 -0.3898359597906531 0.6078279684747786 0.6553736685672148
1.305033548217799902e+09 8.226074495742116 32.270601205856735 6.954147890677227 0.2279764140461923 -0.3812993629260205 0.6151993209524158 0.6512813109329458
1.305033548277800083e+09 7.870033487276414 33.19050835417806 5.16609930505644 0.23771806625805977 -0.3745703655198731 0.6247516793988336 0.642551555392386
1.305033548347800016e+09 7.61814859315511 34.00718102481199 5.993213124474217 0.23713466994814125 -0.37939630290131293 0.6260212083803665 0.6386885315326928
1.305033548417799950e+09 7.430098149856257 34.83545827575631 4.154097953921848 0.24840691192631442 -0.37131715110650826 0.6325102220318928 0.6327309052247602
1.305033548477900028e+09 7.516861269163366 35.79370213060278 4.355361914140862 0.2494528167830529 -0.3708704489806268 0.6343769482591368 0.6307093544488882
1.305033548547800064e+09 7.7961522357902755 36.60976261904007 4.925700006308959 0.2462540444271423 -0.3699982793913942 0.6346336258340863 0.6322186171027894
1.305033548617799997e+09 7.787600723650387 37.225676973760145 5.9655222135680255 0.24597820928975217 -0.3741548716079672 0.6333612127988258 0.6311548357801223
1.305033548677900076e+09 7.732607160467938 38.00281310129977 4.201631857706399 0.2582553479857038 -0.3670835636352277 0.6366133216669765 0.6271182593592566
1.305033548748300076e+09 7.9878628135175 38.76565931767087 4.820868199860245 0.257148070784052 -0.36687219257522935 0.6367702760989756 0.6275374725734858
1.305033548817800045e+09 7.956338084754976 39.602012424724066 3.2034575301496337 0.26554957522114636 -0.3601044451238431 0.641137268108605 0.6234991701230663
1.305033548877799988e+09 7.860516263998721 40.36660238339545 4.197833825102623 0.26571016413860205 -0.3660404968102122 0.6401902246247636 0.6209419776945871
1.305033548947799921e+09 7.866158496634574 41.181934162941154 2.6611803453488525 0.27725851386211775 -0.36168209238168797 0.6421990590802495 0.616355537865781
1.305033549017800093e+09 8.258279935899765 41.83218084962844 3.662175636472145 0.27782721455328796 -0.3650735643910762 0.6387742349857989 0.6176575168770015
1.305033549077800035e+09 8.471885488651129 42.5134001772988 4.449159226877016 0.27760518870843154 -0.364789737508898 0.6356072791475732 0.6211820935160354
1.305033549147799969e+09 8.367213577007073 43.262737297125106 2.15459359085919 0.2887887936263385 -0.35572396919617766 0.6437315339372913 0.6129202253392385
1.305033549217799902e+09 8.346319384311332 43.80783795940952 3.3235341092947697 0.2897852540091834 -0.3603048906330667 0.6411229158330941 0.61250820332335
1.305033549277699947e+09 8.308085831517344 44.661659225317074 1.06702731338383 0.29772464964963957 -0.3470230721528054 0.648963099693599 0.6080969623511567
1.305033549347800016e+09 8.493577953062875 45.39194477841778 -1.0225092551628698 0.3072118094483507 -0.33510241094083865 0.6533575539230487 0.6053521165807532
1.305033549417799950e+09 8.819143900324109 46.27834709631068 -0.6524268896206074 0.30648823131440245 -0.3339581885441755 0.6528141654027446 0.6069353819144012
1.305033549477799892e+09 9.009295716931758 46.83491474055562 -2.8494334910095214 0.3182489414433851 -0.3248992416697494 0.6564752447734861 0.6018291676482441
1.305033549547699928e+09 9.157440153166794 47.334328044503636 -4.856253057982512 0.32892961326445935 -0.3157620242070708 0.6583705206514396 0.5988721993242789
1.305033549617700100e+09 9.18365399498047 47.892260446234744 -6.801541394570186 0.34065070329140457 -0.309627689499738 0.6612178704959015 0.592350166691114
1.305033549677700043e+09 9.050574823996376 48.814366234453274 -5.934374201687793 0.3399728598623177 -0.31421121435749283 0.6611108048773426 0.5904424366553092
1.305033549747800112e+09 8.306499040556954 49.75343791706298 -4.651456406649733 0.3347688133005295 -0.32270687034436973 0.6644681184894118 0.5850403720984034
1.305033549817699909e+09 7.53818836461187 50.81444661234332 -4.719207738978206 0.336119136434865 -0.3248779409167975 0.6699614134132462 0.5767408032775797
1.305033549877799988e+09 7.016430604664564 51.70948574231266 -3.9483709317971014 0.33721761887578705 -0.33126923359251326 0.6718638137436364 0.5702139845502123
1.305033549947900057e+09 6.264909470242714 52.26103196673519 -7.102908054820835 0.35659247717520864 -0.3251042264126019 0.6818352265483385 0.5497724720541107
1.305033550017699957e+09 5.5753456409913325 53.1023051872962 -7.154400665690093 0.36467775597491486 -0.3297031536641296 0.6852556385383841 0.5373366492361926
1.305033550077699900e+09 5.123866761038202 53.882017280841225 -7.080282237090125 0.37349716202116245 -0.3345210143315667 0.6868360203385308 0.5261671237337496
1.305033550147700071e+09 4.996725238847495 54.18643064286698 -10.733049621581257 0.39725782142413046 -0.3226356322084647 0.6928755150528232 0.5079527466084643
1.305033550217700005e+09 4.817773308496879 54.87089789108247 -11.456694368136922 0.40594923527160953 -0.320156123177894 0.6961696428215878 0.4980492983508352
1.305033550277800083e+09 4.820026920134033 54.950416037481936 -14.907999856570752 0.4237775380129642 -0.30724926093233795 0.7022368285732824 0.48257012602060356
1.305033550347800016e+09 5.101845906682324 55.57640335895978 -15.318392192174036 0.43311110443837 -0.30372819882627666 0.7001084961784108 0.4795957110199435
1.305033550417700052e+09 4.625709602186713 55.533103059422714 -18.574922580802937 0.4448206119955372 -0.2922691522792824 0.7084190859048227 0.46352536553638635
1.305033550477799892e+09 4.7787905029806295 56.16539593387149 -18.758838152684703 0.4564198897685504 -0.29354952657439887 0.7042996999249906 0.45768055711071964
1.305033550547899961e+09 4.155288923463402 56.98113523774636 -18.73607669810887 0.4594241841030633 -0.29513221356781844 0.7051430066916035 0.4523270229487951
1.305033550617700100e+09 2.4302310052130007 57.81740089676019 -18.61108102157514 0.4583994197924705 -0.30022186127097633 0.7105908842007121 0.4413585857777855
1.305033550677700043e+09 1.2055865381568496 58.37090144894408 -18.57730860433445 0.4621977491860475 -0.3040281641470413 0.7114311423330735 0.43336571826967285
1.305033550787800074e+09 -1.2037663098365412 59.216816754106745 -18.61036313900869 0.455888030860515 -0.3090861226927478 0.720317496991409 0.4216332240287967
1.305033551078099966e+09 -9.440587769128472 57.81826603639983 -22.583298508272385 0.4605823316744907 -0.3247142506110139 0.7508460238604439 0.34446308895494043
1.305033551147799969e+09 -12.304883945801848 57.782025098292735 -23.338727878545594 0.46254737245980815 -0.334826697207562 0.7570662554540253 0.3174770793623123
1.305033551217700005e+09 -13.999921621222427 57.78024302554758 -24.352784588543933 0.473102534232008 -0.3442905668683453 0.7561383708024363 0.29307466944272537
1.305033551277800083e+09 -15.728228657740708 57.74513067753221 -25.276669028246754 0.47993950268972824 -0.35245908210994137 0.7568164392557237 0.2695543478937811
1.305033551347800016e+09 -17.724648342501162 57.66200231111992 -24.77316360197943 0.4776136748004416 -0.36176387428398826 0.759500149675914 0.2533211391671077
1.305033551417700052e+09 -19.1483061510003 57.817250470139165 -24.87766907365576 0.4792718935458563 -0.36915797142867524 0.7600663595340411 0.23731829531728987
1.305033551477799892e+09 -19.763881959683516 58.16139560325607 -24.764243733761017 0.48418439623621845 -0.3726386485951907 0.7578261314993925 0.22892239390497388
1.305033551547699928e+09 -20.071910422263997 57.13645215264869 -25.745798499810252 0.4854900130256504 -0.3774810626293417 0.7572788742074169 0.2198549551129652
1.305033551617700100e+09 -20.79527459805727 57.225766253290644 -24.98711780374541 0.48727343535172885 -0.38307619993240943 0.7554698517422445 0.21232646409343395
1.305033551677799940e+09 -20.29200379383891 57.45300445002897 -25.347035026543555 0.500633249628228 -0.38685822315177665 0.748190360652493 0.1997955174002231
1.305033551747699976e+09 -19.791667644887745 56.835870979312375 -28.44341673894495 0.5099898085414288 -0.377758750616002 0.7497807859896225 0.18718305072227537
1.305033551817699909e+09 -19.441363371908622 57.60291961462453 -28.637016410595372 0.5116210352909815 -0.37597714769807067 0.7501092462471657 0.18498978174784797
1.305033551877799988e+09 -18.911123661315887 58.48437643533447 -28.356840584507562 0.5124519482630943 -0.3769352363995273 0.7491335611934391 0.18469362678616497
1.305033551957799911e+09 -18.492851422706313 59.316851767982776 -28.522641275813527 0.5176193745840232 -0.3800214986008169 0.7453326814636551 0.17925690390786048
1.305033552017699957e+09 -18.711359122761685 59.925875966373184 -28.337682760609187 0.5191307824144031 -0.38542271312237286 0.7433385633292946 0.17146528286139726
1.305033553247800112e+09 -23.826167212487018 59.10522212303854 -26.799636673010966 0.504132905475829 -0.42976439689747903 0.7372067959783444 0.1329613355046827
1.305033553317699909e+09 -21.918927559381917 59.21554203294688 -25.953215416971243 0.5070673595068599 -0.4256557291165425 0.7343024572735173 0.14999931478203338
1.305033553377700090e+09 -19.774321064793824 59.3023417591267 -25.8643346882187 0.5109721790763428 -0.41844435570544103 0.7321650230595714 0.16657170346853473
1.305033553447700024e+09 -17.535841397885218 59.37183137616048 -25.520065024492308 0.5116186499984453 -0.40861372260997125 0.732277765473021 0.18721767240949538
1.305033553517699957e+09 -15.870641431365753 59.244814005293904 -25.105463280866918 0.5080260381796525 -0.40068060565951236 0.7344152343196824 0.20493623490973722
1.305033553577800035e+09 -13.889611291785206 59.08310979982526 -25.099491217094908 0.5082995654796172 -0.39301891680652096 0.7341815109142107 0.21942012623546694
1.305033553647700071e+09 -10.683113669121843 59.98274320508236 -22.361504592192883 0.5113345695269842 -0.3856033508605379 0.7243049663403789 0.2554003319231228
1.305033553717700005e+09 -8.321538642500988 59.45720143202916 -22.525974966731848 0.5096198670518164 -0.3696033461718841 0.7262555862639121 0.2761046559279586
1.305033553778000116e+09 -6.565458693188883 58.69285752440417 -23.408059526325424 0.5064142497944469 -0.3524142867891263 0.7307849416664652 0.2920653130818169
1.305033553847700119e+09 -4.41392968542923 58.00067120572231 -24.42581528170419 0.5063197093024678 -0.3351488884836289 0.7319195614367575 0.3092075841668136
1.305033553917700052e+09 -2.3368807596456733 57.33865896196085 -24.484870040008747 0.5040023604083075 -0.32290891200632604 0.7309369088615444 0.32778451841671163
1.305033553977799892e+09 -0.31286216706874326 56.535761894924946 -24.60708768525201 0.4994180596157847 -0.3075712419048252 0.730765778019888 0.34923188651341075
1.305033554047699928e+09 1.3219731392810776 55.722634689485865 -24.764527525032058 0.49235038847395546 -0.2936532827112138 0.7318861443623287 0.36837686709797324
1.305033554108700037e+09 3.097294625334179 54.99142241025419 -24.427319720548006 0.4873977186414509 -0.2846247308957269 0.7289346553783735 0.3874099825947391
1.305033554177700043e+09 3.8804986707015336 54.56289611911328 -24.01264530625649 0.47663734246986483 -0.28104646395756927 0.730189332691085 0.4008157522906998
1.305033554247800112e+09 5.749172150974508 53.725145147466314 -24.062254808337343 0.476189795051481 -0.27394573839627484 0.7247523002659846 0.4158498704610988
1.305033554317699909e+09 7.1725286095226775 52.87891895401417 -24.343762370087834 0.4718032822924967 -0.2651559915342566 0.7223268857050202 0.4305088072957373
1.305033554377700090e+09 8.272147127229584 52.081785791200616 -24.386596857106017 0.4622093829851814 -0.2559991907592804 0.7218481489919326 0.446947592462441
1.305033554447799921e+09 9.66855660740581 51.7939068862088 -22.131124013450798 0.4523410874877226 -0.25713908515337314 0.7136572359285845 0.4689993401527165
1.305033554517699957e+09 11.536153864873084 50.81110857987192 -22.68441451745384 0.4523176969016806 -0.24791759173026073 0.7092034045197135 0.4805997292944254
1.305033554577800035e+09 12.98223120357817 49.43100851461193 -23.651903534025084 0.44651229571716555 -0.23081854063415344 0.7077610486737497 0.496410988046337
1.305033554647700071e+09 14.100001438114319 48.40320036250311 -24.593458626314522 0.43808682912538993 -0.21643348141832872 0.7083896632812887 0.5093334499365086
1.305033554708499908e+09 15.338161816932525 47.026173055076754 -25.472996087605868 0.43292043575795336 -0.20185455537370667 0.7039154794078878 0.525678259611324
1.305033554777800083e+09 16.26706266217665 46.9856224780068 -23.028733310789825 0.41697608634035727 -0.2040508513025 0.6961097384384002 0.5476544764303731
1.305033554847700119e+09 16.543051370995773 46.02143738850759 -23.847982131242116 0.40969470341211106 -0.19589549843664406 0.6973470675344499 0.5545108394697298
1.305033554917700052e+09 17.216283434188515 44.992122715799724 -24.041276197834875 0.4047864744117628 -0.19157432836828797 0.6941401100801038 0.563574923520836
1.305033554977699995e+09 17.61167275518599 44.030879421009 -24.21843826409576 0.40154491832603784 -0.18973080319855254 0.6916793088663087 0.5695117510380212
1.305033555047600031e+09 17.96410328045295 44.00385533248113 -21.893578629739306 0.39036387225514607 -0.200227993764917 0.6855824239668149 0.5809488253698696
1.305033555117700100e+09 18.206152505568248 42.86529722266785 -22.60242770566993 0.39223512011809314 -0.19628884394690857 0.6832529280370496 0.5837702772638645
1.305033555177700043e+09 18.487394643128262 41.58787771755624 -23.37968772704472 0.39578506519210876 -0.19161927053039718 0.6817377234465574 0.5846964287236427
1.305033555247800112e+09 18.28762305829839 41.725158032733326 -21.375808073348825 0.38226796143065156 -0.1985330987936548 0.6796149185730701 0.5937839479136852
1.305033555317699909e+09 18.4744296062772 40.686398620285026 -22.05469469907552 0.38611473999143936 -0.19703089653136427 0.6772730336562106 0.5944707488644863
1.305033555377700090e+09 18.276011253786034 39.90032654275674 -22.390232857663847 0.38407711891087637 -0.19780668000545754 0.6776511675863149 0.5951018225003543
1.305033555447700024e+09 18.120672208274065 39.18274206128833 -22.906725565999807 0.3841367974395393 -0.19881861138239362 0.6768963835208275 0.5955848945341847
1.305033555517600060e+09 17.673350267294992 38.51075543940207 -23.16862626445824 0.38082914912854454 -0.20060087887203246 0.6782898689594321 0.5955260701571288
1.305033555577699900e+09 17.50332466285725 37.824220159801264 -23.082461554793262 0.37912568705068994 -0.2052656767054856 0.6781245847922724 0.5952115278497971
1.305033555647700071e+09 17.338237815563268 37.10065253288478 -23.12873682307736 0.3756629341704732 -0.2077156964242178 0.6789689331400879 0.5955944401856382
1.305033555717700005e+09 17.18944976834597 36.32152618658958 -23.798044836412743 0.37377332437254035 -0.20621902014897522 0.679170127131732 0.5970721532010711
1.305033555777800083e+09 17.11623007352548 37.515053788708386 -23.47529387137049 0.3696600142865773 -0.20773288723274902 0.6788374458270768 0.5994816457094949
1.305033555847700119e+09 17.42335035314681 38.446882517702655 -23.224910608180558 0.3692308857830492 -0.20736295650513387 0.6780478079853198 0.6007664499117922
1.305033555917700052e+09 17.388947641117458 37.63128185534511 -23.902847526581283 0.3621709193101598 -0.20235963013390112 0.6789985645223179 0.605676278778306
1.305033556047699928e+09 18.314259400096073 37.957951555379125 -24.03471610871376 0.3584403660653228 -0.19810962843162885 0.6785199729905688 0.6098226999304937
1.305033556117700100e+09 18.63270521776244 38.0650494660777 -25.109810315739814 0.3631277312827549 -0.19307640039351046 0.6747808635090297 0.6128054671969992
1.305033556177700043e+09 19.111598764241148 38.78813121949896 -25.144077837646453 0.35914248969276746 -0.18934382084364965 0.675734539226902 0.6152628886105636
1.305033556247699976e+09 19.623735171493763 39.520897566450905 -24.941164237636126 0.35676586185137416 -0.18556556000887126 0.6742917352342467 0.6193659649599975
1.305033556317699909e+09 20.12663967903468 40.20023211032434 -24.47878265144124 0.3549093901680739 -0.1828217919912658 0.6726081544994281 0.6230680441528853
1.305033556377700090e+09 20.81897921871759 39.380017356332 -26.534656644608486 0.36731823804151037 -0.169803963552393 0.6683259882736258 0.6241668842241309
1.305033556447700024e+09 21.49171845694727 39.87773822198154 -26.1784882990664 0.36678597654727274 -0.16479384397844057 0.6641376521239082 0.630263607886744
1.305033556517699957e+09 21.981229125039874 40.393460941056986 -25.70197691825238 0.3648751587801092 -0.15991024996788938 0.659378335165041 0.6375853210162357
1.305033556577699900e+09 22.430842781498978 40.954492678763955 -25.470706412148786 0.36233848508369937 -0.15395957730634074 0.6571010386726198 0.6428261784948296
1.305033556647700071e+09 23.18486202467281 39.42629110443935 -28.45111555767665 0.37997671569020497 -0.1315580468226464 0.6528284845496287 0.6419697388585623
1.305033556717600107e+09 23.985423573986957 38.36362341937745 -30.86494138397138 0.3925021850380851 -0.11247505204917303 0.6487874658632122 0.6421574741024634
1.305033556777699947e+09 24.59186931038298 38.89554500858901 -30.280858704367734 0.38896759600311365 -0.10796681822964033 0.6441330860306879 0.6497229739677588
1.305033556847700119e+09 25.477182533240093 39.20801473025456 -30.183741311234368 0.38568616963900243 -0.09951255310245954 0.6383600489714842 0.6586652246789328
1.305033556917700052e+09 26.14242762502105 39.48094037901749 -30.108820839801542 0.38012304297547167 -0.08908394510290649 0.6323265481607007 0.6691290304680728
1.305033556977699995e+09 26.98303510727574 39.43370027293718 -30.458440361447227 0.3778828250240412 -0.07577840435180162 0.6254566262016665 0.6784292245519598
1.305033557047699928e+09 27.571213769632323 39.390928633608326 -31.079330044511444 0.37447507670565633 -0.06088104601285858 0.6221583149445908 0.6848218354491775
1.305033557217600107e+09 28.59149293450955 34.92846792683239 -36.323962566825585 0.3911785634612725 -0.0018910442654569862 0.6054794021715798 0.6930876199918071
1.305033557277699947e+09 28.46146551144416 35.03415511965015 -36.93512206867188 0.39036672334051153 0.010374123161200724 0.603913895429175 0.6948339411575896
1.305033557347899914e+09 28.341831556192876 35.48620479090907 -37.23629995174288 0.38948061392690725 0.018382310175117676 0.6050101323156597 0.6942115540979804
1.305033557417700052e+09 28.27019718709816 35.803804827000924 -37.661919339216944 0.3881812242257536 0.027942726842434783 0.6035234859231211 0.6959123099316527
1.305033557477699995e+09 28.191458333275186 36.68769552844311 -37.386948251381675 0.3834819121081586 0.03154524706878923 0.6035319857093289 0.698352105100997
1.305033557547699928e+09 28.42187866451242 37.37280380573199 -37.251475100143736 0.3800685486936453 0.036138118970909607 0.6009052286379083 0.7022498421835164
1.305033557617599964e+09 28.475244385371017 38.175231680286565 -37.211313991270416 0.37599107199742404 0.04083419230024796 0.600711641917207 0.7043499171452692
1.305033557677700043e+09 28.871136945414467 38.774164295842546 -37.12206758359618 0.3716503013088139 0.046553425881644156 0.5981692231059474 0.7084507128972187
1.305033557747800112e+09 29.080105595105362 39.61337404612579 -36.824425306945585 0.3682118378388686 0.04924962563094678 0.5973608018100954 0.7107422805147688
1.305033557817699909e+09 29.708266128916378 40.23451333270499 -36.44785101406986 0.3648349353060604 0.052530620415407146 0.5927330815399104 0.7161029939521248
1.305033557877700090e+09 30.425936178657334 40.9107910772297 -35.898349604908745 0.3617389562813914 0.05422184444620653 0.5881955952023585 0.7212703105478863
1.305033557947799921e+09 30.81013270199095 41.47178013778724 -35.69743875605074 0.3549229628207351 0.060956230236309764 0.5852132503941917 0.726525622411897
1.305033558027699947e+09 31.291721779207492 41.97395925252947 -35.42109023434602 0.3461836504169474 0.06842254084842743 0.5818203895580142 0.7327757299354304
1.305033558077699900e+09 31.902191406025594 39.95269555138928 -38.26905129856142 0.3531056490496885 0.0935501456776163 0.5688298049776506 0.7368835890573101
1.305033558147700071e+09 32.36919237549562 40.17361574821318 -38.349141076485765 0.34792816664815907 0.10274664580242843 0.5642388359653135 0.7416357958039168
1.305033558537699938e+09 32.65632990080744 40.5533054887642 -38.59222753955358 0.34288568642327516 0.11066218429446223 0.5647003574841941 0.742493631804638
1.305033558617700100e+09 34.867933565148874 34.643774075688704 -42.73905265144073 0.3104470311955306 0.18638465133106874 0.5166728998011235 0.7758431008787635
1.305033558677700043e+09 35.78628021856699 34.26314894866996 -42.861151337045015 0.30599144302690406 0.1954529530761341 0.5103562901807384 0.7795536139362611
1.305033558747699976e+09 36.66134245332512 33.52872965015995 -43.34034784262759 0.3010894340721525 0.20873081400013055 0.5010255656983925 0.7840599355237836
1.305033558817699909e+09 37.21174512227584 32.46527020969988 -44.208248172181996 0.29205613403662634 0.22802775016010293 0.48915527184734175 0.7895781657014428
1.305033558877599955e+09 37.3290709425028 31.324283762714565 -45.22873779693232 0.27906009171483215 0.2506399645700859 0.47774965587670404 0.7943930637172674
1.305033558947700024e+09 37.106063426624175 30.81541272365242 -46.27797249172131 0.26911175466573134 0.2692019872486008 0.4730579324562268 0.7945598442549028
1.305033559017800093e+09 38.27553158108439 30.26430905275361 -46.262491588245574 0.2693967019786697 0.27413094432323654 0.4666862398894948 0.7965435304019933
1.305033559077699900e+09 38.93800186090093 29.803189853821294 -46.55942086347382 0.2668166103643036 0.2833207670201694 0.45721692999524877 0.7996817606614058
1.305033559148000002e+09 39.86370651181524 29.17085814973346 -46.8228261177316 0.26737032229392393 0.29106838521125744 0.4489720215184547 0.8013840713294635
1.305033559747699976e+09 40.39393189049623 28.72899812825826 -46.79936027114794 0.26277311928793096 0.2995652911799238 0.4429348386382389 0.8031311554288599
1.305033559747699976e+09 40.92980325822812 28.84510194511234 -46.91935398965777 0.25961942811533173 0.3052737956259732 0.4402898090712685 0.8034616022419276
1.305033559747699976e+09 40.73117105567738 27.832911979764255 -47.507734829519364 0.2613421104174328 0.3054355489688727 0.4373669165695704 0.8044374475613826
1.305033559747699976e+09 41.42802564434244 26.60718321722306 -47.68148573077129 0.26353321347487996 0.3048024041286303 0.43472242984233406 0.8053956473839348
1.305033559747699976e+09 41.67921748219446 26.59167478188198 -46.454882214784384 0.2583027148346657 0.30169481288410893 0.43574060145493715 0.8077066767283488
1.305033559777600050e+09 40.0895994904646 30.16558513746979 -45.71421865319352 0.24577695821618661 0.28454602232102383 0.4635381541037909 0.8023463265207441
1.305033559847599983e+09 39.721272612492484 30.11963448720552 -46.355599394154716 0.24766348719926795 0.2815027742968833 0.4664409422877508 0.8011565593123302
1.305033559917599916e+09 39.62731001394719 30.696615413005663 -45.83764204062376 0.25068813820117364 0.2699317856284551 0.47641336047157157 0.7983248702357001
1.305033559977699995e+09 39.70146848739258 30.863104635504627 -45.565144276753124 0.2560359331308609 0.25887975821466197 0.48143628105691433 0.7972740927777694
1.305033560047699928e+09 39.28242784058023 31.35247029757258 -45.28061877710165 0.25552295176382794 0.2500309658223707 0.4901945494231815 0.7949225377152399
1.305033560117700100e+09 38.99262353674788 31.59764964048345 -44.89123084698294 0.25733692229736244 0.24010075047063145 0.49497215430418756 0.7944381061539232
1.305033560227600098e+09 39.04428926873935 32.18602429603656 -44.008642423141204 0.2642777187319547 0.223783917660873 0.5038627827798985 0.7913282136430384
1.305033560247699976e+09 39.157157505463246 32.54320120006846 -43.144458051322694 0.27219635592058594 0.20788842209396527 0.5107322627873689 0.7885709248577004
1.305033560317600012e+09 39.15633154985813 32.78669273460992 -42.62316171916543 0.2806460556758794 0.19393209490195057 0.5168257418714329 0.7851874212820498
1.305033560657599926e+09 38.62116093539283 33.322205280990175 -42.18761576474524 0.2869523305194968 0.1810624359522602 0.5267628805883856 0.7793559019669316
1.305033560657599926e+09 38.43901948038694 33.94476519225608 -41.24023920493727 0.2976326932824407 0.16272371051662507 0.536588383625919 0.7726633681512703
1.305033560657599926e+09 37.88278368538266 34.273806480818685 -40.921705777555836 0.3062905544345278 0.15028304246741922 0.5460672271197642 0.7651220078370883
1.305033560657599926e+09 36.95980240459961 34.80959952896134 -40.717756725704625 0.3130392915391774 0.1385093363092429 0.5579509564926948 0.7559843224939987
1.305033560657599926e+09 36.568747698160365 35.05952310299591 -40.214948453230164 0.32148042971542523 0.12490356530963975 0.5662813034960879 0.748581938062693
1.305033560717799902e+09 36.00668132208112 35.40505565127839 -39.78893619423271 0.32883986944415405 0.11155615498685614 0.5754853002998135 0.7404297628319203
1.305033560777600050e+09 35.25195292712889 35.6992444033237 -39.490533762256895 0.33600658620121937 0.099235186789638 0.5841475114321699 0.7321363511121622
1.305033560847599983e+09 34.64108187009451 35.78866146160316 -39.44059519414523 0.3423835667534938 0.08909207503405153 0.5922623217841732 0.7239208779819128
1.305033561147599936e+09 34.23671158744484 38.74238938951635 -36.3808687550529 0.3541297470710863 0.042134852825600935 0.605824669726148 0.7111914270911434
1.305033561217600107e+09 33.01131226604321 40.408570100576156 -34.68179892430152 0.3590961167513104 0.01351660424678141 0.6180923200188044 0.6991631885887135
1.305033561277600050e+09 32.28538840374409 40.67220905252527 -34.05387602276957 0.36391519264231204 -0.000999403134419107 0.6227871098196558 0.6926044683655774
1.305033561347599983e+09 30.78991411859443 41.23379374842055 -33.67162015714173 0.3672750170287641 -0.013403532731067315 0.6303822342502745 0.6837745578174724
1.305033561417700052e+09 29.511127703941213 41.15448954279174 -33.80494748828311 0.37634493280097153 -0.023209248120009376 0.6382826120552583 0.6711342112458973
1.305033561477699995e+09 28.556578320597012 40.70457561033343 -34.187666311876804 0.384634068372881 -0.027291589996022013 0.6409793402822308 0.6636695622776224
1.305033561547600031e+09 27.579862165782526 40.22351992835061 -34.32307324821831 0.38651140925812033 -0.029823642874987934 0.643526966303732 0.6599943367021281
1.305033561617599964e+09 26.52694222057671 39.59428190197762 -35.16197097978054 0.39163540355826 -0.03146460636148595 0.6493370914325755 0.651147472479283
1.305033561677700043e+09 25.71659344864254 38.83228134115365 -35.74236894304637 0.39793298913561986 -0.03351266934191322 0.6524063808461187 0.6441212241359847
1.305033561747600079e+09 24.757088232096134 38.460053411253654 -35.8806239585968 0.403777580395659 -0.0395308347541867 0.6556185408095832 0.6368400958012752
1.305033561817600012e+09 24.08464203468916 37.83177502833517 -36.125090330166174 0.4102951146666807 -0.04613458924250462 0.6605836394134094 0.627023742688756
1.305033561877500057e+09 23.45551339754522 37.12977080448806 -36.74696951341318 0.41696524032957183 -0.050484344980421245 0.6645366405941167 0.6180472251994066
1.305033561947599888e+09 22.90643183335298 36.403769714182374 -36.95103682818707 0.420126720453447 -0.05382103549249784 0.6660038090877238 0.6140323779575384
1.305033562017600060e+09 22.0522096020919 35.620501485704196 -36.996925482433134 0.422232284878258 -0.05442206109845924 0.6683041931971444 0.6100226571426631
1.305033562417599916e+09 20.701362929015723 34.303867875359344 -37.5610013313588 0.44207137876095126 -0.05348869670910461 0.6785666743842435 0.5841738814940816
1.305033562477600098e+09 20.571765307077392 34.9660366171593 -38.41772215068343 0.44452494115204655 -0.054676987444724615 0.6807505995343379 0.5796435326745037
1.305033562547600031e+09 20.916123122798293 33.8031489683868 -38.52985133923927 0.4501502504702162 -0.05632319059602786 0.6804708256442379 0.5754579964252248
1.305033562617599964e+09 20.22377669043022 32.99205550417599 -38.73252786489719 0.45083237374586255 -0.05343744897763863 0.6792464188502244 0.5766445285516707
1.305033562677599907e+09 20.43806609388212 31.98057446240348 -38.35438866734944 0.45408699569635796 -0.055088677207261905 0.6783068772038896 0.5750391450335509
1.305033562747699976e+09 20.495976176823877 30.848673954126742 -38.42642174350864 0.4583204424711224 -0.056257459688002484 0.6774063473832638 0.572623882463343
1.305033562818300009e+09 20.37704650462881 29.6873208250531 -39.06934339563181 0.4576752555920328 -0.05233013449996465 0.678288834511063 0.5724676186646779
1.305033562877700090e+09 20.700482335400608 29.189678031502964 -39.27096905924772 0.4526466646359779 -0.051009280431526 0.6802948314501233 0.5742020485909388
1.305033562947599888e+09 20.842766810781125 29.801774074771664 -38.405218585170445 0.4493314383031745 -0.04861119635818179 0.676540517732783 0.5814044530332433
1.305033563017600060e+09 20.458337643680263 29.115809684156716 -38.84207159232957 0.4437840397694193 -0.04742742576725375 0.6787493427055048 0.5831858152491977
1.305033563077600002e+09 19.686411610653053 30.671479944012233 -38.79528970626814 0.43744348022998775 -0.055787039813624054 0.6803114359867828 0.5854121265046626
1.305033563147700071e+09 20.675259879519707 30.364478298755362 -38.33673619472353 0.43763202767727194 -0.0619864626234741 0.6786575987227618 0.5865660666100307
1.305033563217600107e+09 20.698012923067555 29.47909280052561 -38.187558883681994 0.43652044467275664 -0.056980013834247174 0.6693988237467678 0.5984215856506111
1.305033563277600050e+09 21.075424926719013 28.32607100816428 -38.72146165551988 0.434351673449681 -0.05165506599317828 0.667657368263838 0.6024151529731868
1.305033563347599983e+09 22.322005683386177 27.460017165269978 -38.87650707937925 0.43069403007348145 -0.04849054016600182 0.659639532032426 0.6140252500944198
1.305033563417500019e+09 22.444010399342393 27.18955353894666 -37.70139464296951 0.4148328322191956 -0.04653036330453662 0.6484228149540402 0.6366290125739065
1.305033564757499933e+09 22.74766767216641 26.086900329389508 -38.088272218125155 0.4048669265116808 -0.03845576099763686 0.6421006052765231 0.649854398282108
1.305033564847500086e+09 24.476403997600606 21.666743994852197 -40.167114503222095 0.3442207115680505 0.03541104179095477 0.5743324529903038 0.7418897446986343
1.305033564917599916e+09 24.20253028668148 21.663984814888313 -39.13415315772889 0.32637271778943455 0.035831844163631964 0.5672243063747626 0.7552837309807758
1.305033564977600098e+09 24.471884862913836 20.49039212061888 -39.93136550932758 0.3210024412000464 0.04286659423021205 0.5601102275676811 0.7624935546067217
1.305033565047499895e+09 24.64515764359674 19.620177800493792 -40.776679881796056 0.3134860573385794 0.04992682269431022 0.5553220411493093 0.7686684817551249
1.305033565117500067e+09 24.635151140529537 19.46379384875284 -39.75743154766604 0.2950664103319922 0.05067557166722531 0.5449122335914806 0.7832231212191939
1.305033565177599907e+09 25.19879449872266 19.82584050635817 -38.15604204850681 0.27629357010725575 0.04602573109049752 0.5333100592343667 0.7982003983426772
1.305033565247499943e+09 25.08941324314848 19.723922390196098 -37.01369096701026 0.252615294520089 0.04911915005563302 0.517967926084598 0.8157708315574669
1.305033565317800045e+09 25.251731884578234 18.41088141263462 -38.19059258290823 0.2459349234236704 0.062402125951286906 0.5099276201631178 0.8219463548870645
1.305033565377599955e+09 25.117324518007816 16.509117752571488 -39.817659856892995 0.24417707480585246 0.07918693396089803 0.49776434082332205 0.8284549756226062
1.305033565447499990e+09 25.204633107239523 14.90912766628975 -40.79715738729261 0.23844204275911754 0.09008012669193555 0.48610986589395466 0.8358996119753767
1.305033565517600060e+09 24.763428737923018 13.348213393703483 -42.05098539656091 0.230818570859947 0.10509848466444721 0.47672839043937415 0.8416692566658784
1.305033565577600002e+09 24.806223167326568 12.093177401099657 -43.20786628895538 0.2251294931727181 0.11562819422245568 0.46652877441452445 0.8475244743651542
1.305033565647500038e+09 24.482181519000125 10.674049443264465 -44.311685026301156 0.2174892250472615 0.12757076741594786 0.45597785410541564 0.8535269959729851
1.305033565717600107e+09 24.3515275762511 9.256609625629034 -45.36911441629295 0.21265583682282332 0.137850757233479 0.44610254538914984 0.8583514331511674
1.305033565777600050e+09 23.943141148911383 8.363048863043577 -46.23067313321057 0.20351659227677363 0.14976048706907652 0.4419868496608731 0.8606976344267125
1.305033565847599983e+09 23.846447395647406 7.3301187843125675 -47.123522240560376 0.19728462528451862 0.1601212244467341 0.43557575367436446 0.8635471804823609
1.305033565917500019e+09 23.257830844506874 6.185648508386423 -48.03809464929559 0.18624579295726612 0.1728302990541971 0.42650330012884086 0.8680651630573387
1.305033565977600098e+09 23.284880721113105 5.606572803560951 -48.195035842004444 0.17495299002056838 0.17825092855310554 0.4198503830351145 0.8725501209776354
1.305033566047499895e+09 23.361820742711018 4.461630288871711 -47.75355156292772 0.16339240782032013 0.1785909233232268 0.4017302367397035 0.883187986819509
1.305033566117500067e+09 23.020365336028785 3.311376375822725 -48.53468292217375 0.15512028357804722 0.18941035526412947 0.39260382868331484 0.8865233491818391
1.305033566177700043e+09 22.93804766739674 2.3079162073795008 -49.22198314030345 0.14745505002084416 0.19788904427874726 0.3835209581793457 0.889948655268938
1.305033566247499943e+09 22.78958197860842 1.422923853702481 -49.7677246114433 0.13860929459120455 0.20607203640650854 0.3752752532542791 0.8930231035976279
1.305033566317500114e+09 22.172565012247897 0.27555523876318067 -50.622783115392416 0.12948426016373013 0.2180708063110092 0.3654272904344616 0.8956237185394574
1.305033566377599955e+09 21.419061379143585 -0.6113277161865288 -51.39927641722902 0.11937655320742839 0.2310908570715584 0.3580711075127805 0.8967337042215028
1.305033566447599888e+09 21.059520660415938 -1.7833066483083 -52.45208415585668 0.11663448742705326 0.24198656680532138 0.3491497778165231 0.8977378963144392
1.305033566517499924e+09 20.34063817768654 -2.4185011812430424 -53.14472729761641 0.10362701949000387 0.25249220937105943 0.3403675921690389 0.8998105507492065
1.305033566577600002e+09 19.168863725470246 -3.113430131676171 -53.96693798278483 0.08822723778689526 0.26368645929188445 0.3296749351610083 0.9022193983866613
1.305033566647599936e+09 18.781841748075635 -3.767811389809789 -54.74256197323266 0.07953596226618008 0.27201834828925847 0.32169974540701096 0.9034319690521476
1.305033566717600107e+09 18.08604779905349 -4.808107043032082 -55.718627770529174 0.06999879691728249 0.28170028516553264 0.30709416516012816 0.9063323294975163
1.305033566777499914e+09 16.2825111545507 -5.773068874522375 -56.53406465961933 0.05274290702236921 0.2955574961372875 0.2898742630961713 0.9087556678394576
1.305033566847599983e+09 14.648236811682743 -4.277986847922104 -56.14726507833859 0.021138180620549105 0.2995763515031864 0.27325999234142145 0.9138578464540634
1.305033566917599916e+09 13.634860332735062 -5.516802390649841 -56.98644013954371 0.013576399945663516 0.31058574955528 0.2585206926791315 0.9146142492845835
1.305033566977600098e+09 12.281917691089069 -6.864482141478531 -57.94430222666463 0.006172795972702892 0.3230600002523428 0.2414440455455537 0.9150403847357953
1.305033567047600031e+09 11.481324504110326 -7.793155852962187 -58.65444837241531 0.0007353154111228537 0.3338763591857081 0.23100145728150007 0.9138732750343265
1.305033567117599964e+09 10.013288957171422 -8.766967492804302 -59.42100967028862 -0.010756054636864246 0.342116496110781 0.21337194977535126 0.9150480978760601
1.305033567177500010e+09 8.791814803893057 -9.315028117816361 -60.42616023684323 -0.021042508293332464 0.3509941572663206 0.1990605705637891 0.9147323125682447
1.305033567247600079e+09 7.235606780393395 -9.608658912603577 -61.35707485541916 -0.03593458139265131 0.35898906195365565 0.18307309373813593 0.9145052222961425
1.305033567317600012e+09 5.6550019104073845 -9.955147198190929 -62.41562885209289 -0.045106108962109856 0.37003913864786825 0.17093824383499404 0.9120397971567086
1.305033567377599955e+09 4.305713121579862 -10.059577603011824 -63.419558831793026 -0.05474342208072262 0.3781262776375728 0.16271514843899704 0.9096963539375763
1.305033567447599888e+09 3.3745981687609747 -10.04991858401148 -64.42814744067937 -0.0635801430853631 0.3829305878674158 0.1550553525062888 0.9084489902795372
1.305033567517499924e+09 2.382520588968028 -10.073551954060665 -65.24682281724243 -0.07249261078740958 0.3884495162933933 0.15101628851561233 0.9061158178045581
1.305033567577600002e+09 1.1645450846745746 -8.988030454702855 -64.62589382917535 -0.0793715007438823 0.3932615665295372 0.14540723346923817 0.9043794787671937
1.305033567647599936e+09 1.1915232828691638 -9.232181906053238 -65.33149348655145 -0.07916077176444171 0.3982409326800485 0.14643992552115828 0.9020493777865715
1.305033567717600107e+09 0.8745826060970392 -8.326303616911837 -64.5140198545505 -0.0857459760421376 0.39656534785369935 0.1416378499549349 0.9029519765382868
1.305033567777499914e+09 0.16593539324303935 -9.663067068399474 -63.92036202676922 -0.08535404497403133 0.3986905771618812 0.13318532708665798 0.9033394596372489
1.305033567847500086e+09 -0.8939372824289569 -10.213509536442537 -64.80981148306832 -0.08617273855654134 0.4040659153145261 0.1280199581075231 0.9016184811420229
1.305033567917599916e+09 -1.767645183122844 -11.790617458575092 -65.18530490554646 -0.08341310015496677 0.40892472891721326 0.1214048335621061 0.9006018472056775
1.305033567977499962e+09 45.929316566273314 -41.82663334479438 -22.159997155197072 0.6134642026806485 0.546715359487411 0.5071629561102482 -0.2599032967845185
1.305033568047600031e+09 46.06519689327715 -41.96274668065942 -21.2986495013375 0.6079531776405206 0.5563986014385969 0.4987728697090965 -0.26840110759108193
1.305033568117599964e+09 45.91754108478089 -41.568393853492374 -20.43544562323845 0.6045332295507491 0.5609250180493401 0.49655125514046666 -0.27081275729499155
1.305033568177500010e+09 45.70231135663765 -41.1943746641425 -19.565528344810282 0.6024942834663873 0.5626982087548271 0.4964427663354764 -0.2718748682898312
1.305033568247600079e+09 45.48368572222814 -41.74375173439915 -18.22342755806121 0.5964516620866567 0.5765561367121471 0.4829666447802653 -0.28030636104684015
1.305033568317500114e+09 45.34247305806527 -41.232915167436275 -17.279825081986715 0.5962765616019665 0.579149209767004 0.48173080700348864 -0.27744528198215673
1.305033568377500057e+09 45.2883718077097 -40.53540468889081 -16.808681553442945 0.5942353257630578 0.5797269692478204 0.4824646267528572 -0.2793365401701604
1.305033568447499990e+09 45.20664644858983 -39.89030231995234 -16.059888545725965 0.5954334191507892 0.5793681841025279 0.4829582880407201 -0.2766637717897244
1.305033568517499924e+09 45.85690872881388 -39.75329563656326 -14.119944991168726 0.5936978145566116 0.5916874997816544 0.4630930594105385 -0.28805142929453653
1.305033568577600002e+09 46.204266196631565 -38.783186320928564 -13.87430327565624 0.5953145643855567 0.5889655733304359 0.46542067500988255 -0.2865374637553193
1.305033568677599907e+09 46.595818483768916 -38.674252591908655 -12.874313086673258 0.5891168726233112 0.598497947604134 0.45085036587548627 -0.3024491109163804
1.305033568717499971e+09 46.415703386796444 -38.178311669256274 -11.87195100974706 0.5896986705089946 0.6001288947598872 0.4498917540860592 -0.29949657306815525
1.305033568877500057e+09 46.588355326283555 -37.64531240602481 -10.090163545025607 0.5893930314729616 0.6049094470092815 0.4421056971199728 -0.30206450957386594
1.305033568947900057e+09 46.3371207480594 -37.322570351279815 -9.35104030873991 0.5873469951294935 0.6070825106491196 0.44332836645783347 -0.2998904667877007
1.305033569017499924e+09 46.12278874162537 -37.40560711897754 -8.265867663201131 0.5759765849637131 0.6199846060571598 0.42862296223926233 -0.31646866838113186
1.305033569917999983e+09 43.333992225236145 -40.334201066925424 -4.126605564031939 0.5416737597203906 0.6583933812345492 0.4118158334841021 -0.32173811224147597
1.305033569987999916e+09 43.71924138941084 -38.942128551623895 -3.7377474713135603 0.5453592131187954 0.6550789321657677 0.41035400431448266 -0.3241365644941578
1.305033570048000097e+09 43.69881793030223 -38.06244446612448 -3.0983806573728456 0.5470183367079327 0.655234187860331 0.4097888174634805 -0.32173315565260197
1.305033570118000031e+09 43.77311979250722 -37.19970061409365 -2.621137831175054 0.5428222308528277 0.6601022344910348 0.39814874407749207 -0.3332966295980474
1.305033570187999964e+09 44.06760809610599 -36.06561035810535 -2.3057326714315884 0.5450676729204049 0.6583763346083368 0.3980607263461866 -0.3331508548774446
1.305033570248100042e+09 44.18235257717318 -34.95251600257811 -1.8172465350122073 0.5485773753493526 0.6571780175651393 0.3974030495949808 -0.330530985925039
1.305033570318099976e+09 44.61614541472493 -33.66059914461951 -0.6576085205518297 0.5549689008138416 0.6555244731045767 0.392384465886745 -0.3291376842921775
1.305033570388200045e+09 44.885059797342834 -32.332160167556644 0.5393202305137644 0.5587430967848294 0.6570338452799095 0.3844057105445859 -0.3291579068664565
1.305033570448199987e+09 44.451037241462885 -31.46958786684114 0.8603774392397502 0.5584506581052676 0.6588878755307442 0.38213733094444813 -0.3285889380959581
1.305033570518199921e+09 44.385947504599194 -30.32957290671374 0.8433740882456141 0.5590939813139013 0.6572896386830361 0.3824675226250325 -0.3303071980377738
1.305033570588200092e+09 44.56286987805599 -29.166891241134486 0.9821551993340691 0.5610989464261011 0.6556558893420071 0.38256624940891154 -0.3300399853106581
1.305033570648200035e+09 44.99742829575979 -29.916338452954758 0.7456954459939178 0.5631119073665731 0.6549204654570816 0.3818955023655403 -0.3288464519809067
1.305033570718300104e+09 45.02027692691578 -28.859817983338164 1.2961860334366497 0.5656393731762848 0.6547162644479231 0.3805143250557546 -0.3265081331413665
1.305033570778700113e+09 44.60951232389445 -29.450991427078474 0.6256255387003253 0.5663009105622705 0.6531157763318265 0.38143378151107377 -0.32749249109709566
1.305033570848400116e+09 44.672342604582546 -30.298338616975027 0.2672768408074083 0.5670337514526205 0.6529924119058231 0.3808090178374877 -0.3271973817753304
1.305033570918299913e+09 44.820660283943134 -31.006630995348406 -0.3871257892935984 0.5664785795338543 0.6528622679508734 0.3803136182138693 -0.3289900147670498
1.305033570988399982e+09 44.491973100225024 -30.148456382073114 0.05370752573035642 0.5665357285891007 0.6529707012293002 0.3800037444561789 -0.32903447504390154
1.305033571048399925e+09 44.21884288599559 -31.18407112202339 -0.25274627629163926 0.5660244445047558 0.6525239115158815 0.3817860936945743 -0.32873735988556946
1.305033571118400097e+09 44.1574888839584 -32.2658459040447 -0.557616001645621 0.5654774416368182 0.6529442058980602 0.3827584461488054 -0.32771191447028986
1.305033571178400040e+09 43.95533141758481 -33.38093672014263 -0.7919749744174646 0.5649688723107636 0.6541496266371426 0.38311672746470277 -0.3257606674034298
1.305033571248399973e+09 44.017403027718224 -34.50501230093563 -0.8722473964374999 0.5649766843966554 0.6550857186801268 0.383700326046198 -0.32316885224530145
1.305033571318399906e+09 43.952953883954535 -35.66878794898772 -1.3133860684848735 0.5628399088363091 0.6565981653891044 0.3849009000695824 -0.3223994158717145
1.305033571378400087e+09 43.854398288539045 -36.784999765286344 -1.7856316865792616 0.5605736882534617 0.6582733357141101 0.3855935017712495 -0.32210403120345316
1.305033571448699951e+09 44.01763066293684 -37.86061508611703 -2.063807663631932 0.55905574113552 0.659112451795566 0.3863213926113827 -0.322154056007764
1.305033571518500090e+09 44.13146987986275 -38.90273407213953 -2.310543480883203 0.5581053482528975 0.6585538281504811 0.3881771700814432 -0.32271312385371154
1.305033571578399897e+09 43.89229787837469 -40.02833545548238 -2.8431916510030306 0.5555300702921062 0.6602904786964667 0.38910664164471764 -0.32248852099261965
1.305033571648400068e+09 43.86632818859743 -40.858093142057925 -3.642273241655023 0.5540360796042815 0.6598207913966874 0.39035431503609613 -0.3245058619964632
1.305033571718400002e+09 43.56887680730965 -41.903644287987504 -4.100324777094888 0.5528516015718091 0.6601235104610174 0.3916283903391055 -0.32437518625275585
1.305033571788399935e+09 43.2910121070421 -42.95554931994888 -4.510229254962878 0.5512541889774696 0.6608855400668245 0.39224567511608505 -0.3247960166290538
1.305033571858599901e+09 43.5223175466248 -43.77556044186528 -4.981979441982188 0.5511016291653463 0.6606144126827589 0.39199510329518744 -0.32590708964321397
1.305033571918400049e+09 43.561890082554676 -44.52685784978126 -5.838640182553741 0.5488140255614826 0.6611178365692337 0.39289267980554543 -0.32766097367894387
1.305033571988399982e+09 43.518301091330585 -45.58150989854453 -6.391790453833777 0.5476582801253815 0.6612850298655633 0.3947025516062624 -0.3270816614261891
1.305033572058300018e+09 43.51680587109552 -46.39368301245797 -7.075685267781639 0.546122017619475 0.6619875858751499 0.3948320599287325 -0.3280713679534658
1.305033572118299961e+09 43.482522634250046 -47.43610897847442 -7.5601823386195495 0.5450195120057423 0.6637241168180462 0.395373005927798 -0.32573641870497716
1.305033572188400030e+09 43.24138106911324 -48.628118436983414 -7.961661915123771 0.5430595106345947 0.6650568183146591 0.3967973272381649 -0.32455766424342203
1.305033572258300066e+09 43.22951310789554 -49.67240487750598 -8.357642325049493 0.5408852909572408 0.6663398281051383 0.3968135953906449 -0.3255354143869219
1.305033572318399906e+09 43.21211282673289 -50.109689813652956 -8.66602919764517 0.5446658402918472 0.6623519498560761 0.4048076281663621 -0.3174268437283689
1.305033572388400078e+09 42.85598422620063 -51.234775378780256 -8.515811674804567 0.5448582440400465 0.6648460379892871 0.40302457605320086 -0.3141344151293874
1.305033572458400011e+09 42.48881052725593 -52.162720695699946 -8.443742905143193 0.5459138393130383 0.6658190180126182 0.40166362866913635 -0.31197667333240325
1.305033572518399954e+09 43.02653961056799 -52.59796108045811 -8.937507135687138 0.5519821299256721 0.6610411253482442 0.4029160971558404 -0.3098370176298348
1.305033572588399887e+09 43.45299944513924 -53.2830819642763 -8.755555570027362 0.5593069719685566 0.6603588278254745 0.4005409393963148 -0.30111274547558975
1.305033572658400059e+09 43.85739013422657 -53.547710639201405 -9.829994595860054 0.56702999921099 0.6523300284892102 0.4082003482732839 -0.29379412791208204
1.305033572718300104e+09 43.57236856722116 -53.95878960293279 -10.704511853005393 0.5731610094070482 0.6471036059446722 0.414057503163548 -0.2851311356952535
1.305033572788300037e+09 43.36140069738442 -53.75403262623244 -12.05367111103589 0.5831659320359281 0.6378957058786374 0.4261566414581342 -0.2672023223615124
1.305033572848299980e+09 44.04768561535594 -53.22641364189296 -12.142105233253778 0.5959987511515465 0.6293547054992077 0.424595115456669 -0.26156668599449073
1.305033572918299913e+09 46.55790890337494 -51.62123978979762 -11.379378323447213 0.6197961274989199 0.6147627988976488 0.41367737689942025 -0.2584385599528193
1.305033572978300095e+09 49.05065366720854 -49.24998555385712 -9.715748130012836 0.6478928708939744 0.6002381860268424 0.39522882952014676 -0.25247399904961376
1.305033573048300028e+09 53.31059777679276 -45.5838939459068 -7.805889086727832 0.6765523186114397 0.5775823025108378 0.378831442977356 -0.2552692339853325
1.305033573118299961e+09 54.812802991578515 -43.050065995286495 -4.851503175365025 0.7008933929928749 0.5667116056333977 0.35836085974734644 -0.24323630876268185
1.305033573178400040e+09 57.55753658453753 -37.987376958750986 -0.02441506174907787 0.7314902764693134 0.5483729974007023 0.31972698516705206 -0.2489652307222924
1.305033573248300076e+09 59.575061034662085 -33.77675274913964 4.297632699102576 0.7585451816842583 0.5292991384704505 0.2888432700064979 -0.24702468445478865
1.305033573318300009e+09 62.721908532115606 -27.243316776901054 9.202870157966808 0.7848212080734469 0.5078126066213654 0.23803557808652762 -0.26366852576589866
1.305033573388299942e+09 65.02688319317774 -18.439752344855506 15.144791326150266 0.8083326735829274 0.4815586999609223 0.1738628132326243 -0.2906393460718292
1.305033573448299885e+09 65.05051684187046 -10.73685637227551 20.69399189625716 0.8205098354378345 0.4616140633147297 0.1187666484111103 -0.3155480149280517
1.305033573518300056e+09 64.28283767393165 -4.067792183966678 25.056646144122084 0.8125449826796435 0.4504951119756917 0.051545433837515586 -0.36628933025499005
1.305033573578299999e+09 63.33724408535753 0.6317469034192418 27.640227755213598 0.8026154593997877 0.4458167269517624 0.015913111599604502 -0.39598313497130644
1.305033573648299932e+09 65.13661039754733 10.81862160409301 20.1854601796275 0.7635811738069195 0.40265813938538025 -0.01574019498547699 -0.5045418318198897
1.305033573718400002e+09 65.57421265936608 9.620728063482797 19.111832014881706 0.7450073192976375 0.41048269738937354 -0.006546442684817338 -0.5257615366542767
1.305033573778399944e+09 65.4926667226763 9.018117842800727 18.084758058687257 0.7236597738638941 0.41789941708676875 -0.003282851635026057 -0.5492411417355213
1.305033573848299980e+09 64.98697087519768 7.350546365587757 18.393633011195597 0.7044320242101887 0.43205248783875216 -0.0011325928162501855 -0.5631206693533753
1.305033573918299913e+09 64.8669393472999 1.9704164175288417 17.59065367132918 0.685472690901765 0.4553357213478084 0.02903882255608892 -0.5674093034812877
1.305033573978399992e+09 64.79319604389451 -0.1749484235724592 14.681706911825806 0.6712600007720038 0.4539106718793357 0.05339681229762836 -0.5835442517530879
