1.305031229733099937e+09 20.847996027062823 -20.138619333982756 -20.201240301154485 4.1540468017005825e-05 0.002939903634563595 0.020837634256034875 0.9997785495996704
1.305031229803100109e+09 20.940891652417505 -18.833959202563445 -20.82502815893053 -0.00021707141454834194 0.013503174575319164 0.058546660167872557 0.9981933208249678
1.305031229863100052e+09 22.548134050090795 -15.932752712458624 -21.346071321133174 -0.0003889320412423065 0.024164192411588903 0.10443770231365156 0.9942377516833727
1.305031229933700085e+09 23.22816592171704 -14.583532621346816 -21.599767768709103 0.0005516762913220449 0.03355583092038223 0.15354965975319543 0.9875708601686211
1.305031230003099918e+09 23.436345842081334 -13.332275652589606 -22.301882350066535 -0.0005160938219550776 0.043931681641099 0.19647753067195448 0.9795235172962431
1.305031230073199987e+09 23.139677717717376 -11.485255041898762 -22.411360811759256 0.00018979080483596232 0.047217796155710354 0.22603933683372723 0.9729731044121502
1.305031230133100033e+09 24.08766576373815 -9.141295918714297 -22.3097218453419 0.0013651540556072039 0.0487017492593411 0.2556127972986954 0.9655508136968355
1.305031230203099966e+09 24.155563226744857 -8.449918650183045 -22.56772241678149 0.0006915353692141325 0.050706614072846636 0.2863510659613835 0.9567818079849136
1.305031230273099899e+09 24.295309964882964 -5.813002620018691 -22.65000226361169 -0.00033478962989394196 0.05510034308333492 0.3178180135611795 0.9465492857553844
1.305031230333100080e+09 24.45933489174313 -5.080776985312548 -23.166980278227257 -0.0010710003062001574 0.0592998640443791 0.34960168350024545 0.9350192735855537
1.305031230403100014e+09 23.951495776572003 -2.3996244218241927 -23.810142808278307 -0.003005233063441034 0.06391963085811285 0.38400630068902586 0.9211104224773089
1.305031230473099947e+09 22.748914662016727 -0.042090167273246826 -24.419204430526488 -0.005673609466569266 0.07146555860903059 0.41937138395852513 0.9049796276187831
1.305031230533099890e+09 22.78389032870385 3.816983267388106 -24.56611676665596 -0.010617119711172268 0.07640508143979453 0.4750287675956518 0.8765826887725843
1.305031230603100061e+09 22.642372677207828 7.222255601915696 -24.260230564496613 -0.016083781310642642 0.07844259761319726 0.5292201401159805 0.8446976465896349
1.305031230673099995e+09 22.574715875953444 9.755565549040874 -24.051392945636533 -0.0201349301881939 0.07860526807178947 0.571189780937943 0.8167974232144366
1.305031230733099937e+09 21.492970080072123 12.791495203401604 -24.097050734778236 -0.02464811605519489 0.08091335334018622 0.6040219382635968 0.7924664016363492
1.305031230803200006e+09 19.708233045197467 15.466482502665963 -24.484661318183313 -0.025412836408470918 0.08483587997498175 0.636253653857113 0.7663800292074552
1.305031230873100042e+09 18.780005405941605 17.641196891782023 -24.530931562978584 -0.025425675032807123 0.09076549510230322 0.6701054332888147 0.7362566592057213
1.305031230933099985e+09 16.088791729359855 19.259396815748318 -24.749611360781962 -0.02564429542894436 0.09676506630107642 0.6978113801768725 0.7092518380317033
1.305031231003099918e+09 16.027456874617698 19.607382330237275 -24.74594933969921 -0.025766102112282536 0.09972437950528917 0.7127624959804073 0.6938016866785526
1.305031231073100090e+09 16.51365513139555 19.914639689917905 -24.29904079842215 -0.026375570954480836 0.09846959297447236 0.7204230539976866 0.6860019619395512
1.305031231133100033e+09 16.953687053683467 20.637158691998614 -23.745588908183255 -0.02825152401628462 0.0980651872028255 0.7182027415391047 0.6883094453044691
1.305031231203099966e+09 16.611711696912394 20.446411049097723 -23.464692561189466 -0.030532665637105435 0.09771550727620995 0.7079883850252892 0.6987645401965734
1.305031231273099899e+09 17.13549569566328 18.907840303221015 -23.483169333948403 -0.030617002268046273 0.09780392911918043 0.6817299961977384 0.7243902283335967
1.305031231333100080e+09 18.579603453997787 17.147363366872703 -23.4971202598573 -0.03239004309091678 0.0938860530714615 0.637500454212319 0.7640219008813283
1.305031231403100014e+09 20.10012738603506 14.392933391867942 -23.090513940346792 -0.03164673166990771 0.08481021502398853 0.5867014140019701 0.8047280053597532
1.305031231473099947e+09 21.0354702177387 11.554507555130924 -22.886977903831532 -0.035995127464465454 0.07929458612757723 0.5453652454872243 0.8336626826386873
1.305031231533200026e+09 21.284469903999327 10.546741892400753 -22.860362608208398 -0.040089254912406266 0.07763810203762765 0.5097749689885244 0.8558590174469812
1.305031231603100061e+09 21.600266332869634 9.83060480419203 -22.78816157519972 -0.043389871258451125 0.07360420877008125 0.4771581449185377 0.874654128362409
1.305031231673099995e+09 23.066529030860274 8.877266918017494 -22.49395953822794 -0.04273810387566576 0.0675166179464985 0.4419822547899405 0.8934576919076692
1.305031231733099937e+09 24.75180582730784 6.864674346399873 -21.794244370410677 -0.04484516790448783 0.05805841785688288 0.4111146315118882 0.9086269260749531
1.305031231803100109e+09 26.64424485857098 5.161753440826038 -20.487196932754323 -0.05144372132397408 0.04004633391100458 0.3751998270847339 0.9246485410317887
1.305031231873100042e+09 28.607238106478253 2.6034035928804866 -19.51577894726054 -0.04825072162077894 0.02290391227799831 0.32695803989004013 0.9435283349304878
1.305031231933300018e+09 30.158265988609692 -0.10898656492174605 -18.798793094483045 -0.045481431489064035 0.00894173088648382 0.2788959011032622 0.9592020439856552
1.305031232003099918e+09 31.39292810449092 -2.105826920466959 -18.18875398744342 -0.04266268833895983 -0.0012376077514985593 0.24505874693349758 0.9685683114278156
1.305031232073100090e+09 32.31315251372331 -4.73011505116481 -17.90019910665684 -0.03966363627588156 -0.007622329484483276 0.20724980909681318 0.9774539440198393
1.305031232133100033e+09 31.08087425085124 -6.892838428213151 -17.601035491137033 -0.03783357347240572 -0.013723691687213144 0.17269472928601068 0.9841528394927354
1.305031232203099966e+09 30.048447355556103 -9.912646711728536 -16.846004033038252 -0.03525842641418623 -0.020300080923953762 0.13606295174804944 0.9898644469031526
1.305031232263400078e+09 29.84222966498544 -11.386318151132013 -16.110256062557895 -0.03203805734876764 -0.029735476555831742 0.09755815056905105 0.9942694662780615
1.305031232333100080e+09 29.02789065190049 -12.652526199550113 -15.511785805644442 -0.031020014901377117 -0.0376974465621734 0.05950197700668507 0.9970336884631864
1.305031232403100014e+09 27.41382625522599 -14.923729793233386 -15.01948266519665 -0.03122949020555807 -0.04300651625278352 0.026686228004029176 0.9982299353035937
1.305031232473099947e+09 27.551191001271857 -15.143235533877995 -14.701908275213095 -0.030073262439184605 -0.04907456671850163 0.007788604608679933 0.9983118868499488
1.305031232533099890e+09 28.186613320731723 -16.012637716625047 -14.687668521407096 -0.027672661043627915 -0.052982790050769335 -0.006106407996519125 0.9981932476081875
1.305031232603100061e+09 26.742174938135697 -16.784815727465652 -14.3356318141812 -0.026038920157721152 -0.05922471453093515 -0.03142139553049009 0.9974101983279826
1.305031232673099995e+09 25.686482295853235 -17.433100742754366 -14.02631089985619 -0.02544568965413329 -0.06710558793480226 -0.06292291249349408 0.9954346106245685
1.305031232733099937e+09 23.904400607508943 -19.36959292632155 -13.18866392983657 -0.023906698104892474 -0.07386366639017244 -0.09477938776978057 0.992466370325518
1.305031232803100109e+09 21.4539410455567 -21.27739295978375 -12.499532448758135 -0.021583364746091148 -0.08751356487356886 -0.13793131700407807 0.9863318336740822
1.305031232863100052e+09 21.617893933514953 -22.373531830557713 -12.183716785619827 -0.02127448619015944 -0.09367551498399644 -0.15960246806675987 0.9824964866689481
1.305031232933099985e+09 20.120931038364592 -23.601988869922987 -11.936444964751498 -0.021468699941269494 -0.08985548892864341 -0.1765096095694643 0.9799537967485311
1.305031233003099918e+09 19.68539862504459 -22.715909494878503 -12.629010300113112 -0.02129602954968949 -0.08340582531418234 -0.1773985997340045 0.9803671170747686
1.305031233063100100e+09 22.078192407719317 -20.926003786769925 -13.2566797190026 -0.019077773788770437 -0.0689027456430098 -0.13709014177874054 0.98797507216387
1.305031233133100033e+09 24.40297024879858 -17.84450630793344 -14.502314066386422 -0.021052663173770123 -0.045155816488826314 -0.08376915146204768 0.9952388993974501
1.305031233203099966e+09 25.955965312389715 -16.562540861426115 -15.190411338094812 -0.03228771363428917 -0.038089142958077166 -0.0632754172402231 0.9967461774745189
1.305031233263099909e+09 26.739891326097148 -15.678377687582845 -15.51588346091836 -0.03725243294612545 -0.030824044742869854 -0.030581141508679743 0.9983621228238329
1.305031233333100080e+09 28.194263282139968 -11.677752744871063 -16.692486415176266 -0.04511030593754115 -0.009751484334209758 0.054728444050791095 0.9974340911876236
1.305031233403100014e+09 28.55143334324072 -5.600800564408896 -17.920645421463295 -0.051919965680521776 0.016463333229556 0.14073580928333043 0.9885477772005115
1.305031233463099957e+09 29.18239422042417 -0.8678498377360141 -18.34745263746515 -0.0551293310193313 0.030289093019251992 0.20573736992533181 0.9765835664814556
1.305031233533099890e+09 28.84501749194362 0.00446733734688165 -18.44570185478726 -0.05524882166311579 0.031241502804836913 0.23507603171989191 0.9699024670131325
1.305031233603100061e+09 29.3871849411417 3.4403879593375652 -18.925937108487297 -0.05292500014760271 0.03877005303231426 0.28589404061107454 0.956012774438878
1.305031233663100004e+09 27.536881621350073 5.584838831464018 -19.608887395450186 -0.05815418554692144 0.05344644137630347 0.3248802248157909 0.9424512762637784
1.305031233733099937e+09 28.106136591458515 7.002044225028172 -19.35674430788373 -0.05851432248466452 0.05357202434789598 0.3534325003365221 0.9320898990855461
1.305031233803100109e+09 28.73761786293491 6.114319938515009 -19.79179953801262 -0.05351551509730099 0.04392087252495745 0.34190942901266513 0.9371792725795585
1.305031233863100052e+09 28.132804001185555 5.185924519894892 -19.777293939038106 -0.05161155947335529 0.042368619269157935 0.33894675431770105 0.9384328664147744
1.305031233933099985e+09 28.80008267418891 5.834324232456624 -19.919708447003035 -0.049537345615164 0.04712706565640874 0.3433824041370579 0.93670359004387
1.305031234003099918e+09 29.602593359046562 5.65824167190798 -19.584371734373356 -0.03970893991325551 0.051056349912288926 0.3407911130170766 0.9379114385234788
1.305031234063100100e+09 30.40886443291236 5.0184241383965515 -18.32210219434355 -0.03311450422692958 0.04534620976088783 0.3366709101516696 0.939946726749858
1.305031234133100033e+09 30.976939974129852 2.722700633122924 -18.061804206394772 -0.011604234977738364 0.048358752369159715 0.32689732789966447 0.943750448906881
1.305031234203099966e+09 30.551764455797798 2.1911900012571017 -18.823173835846436 0.00704012716819359 0.05509867484609336 0.3196489178346007 0.9459065186194822
1.305031234263099909e+09 30.692098079300084 0.48102175797118785 -18.035867632140114 0.026050765012405972 0.05889174572944552 0.3144745116227689 0.9470791421348206
1.305031234333100080e+09 30.632684243002334 0.4466626617109986 -18.29274069313864 0.047263243237286826 0.0648982704309652 0.31036215025778013 0.9472221154624343
1.305031234403100014e+09 30.32929555642267 -1.3122491020711196 -18.379241985416513 0.06686853860400863 0.07031210724557473 0.307629338978774 0.9465458234650521
1.305031234463099957e+09 29.80541583316654 -1.89876126325577 -18.531766569106235 0.0954884818917082 0.07590727829525451 0.30356275382751285 0.9449707346878424
1.305031234533099890e+09 29.50708168230834 -3.157985428877011 -19.58472730283466 0.12078950220035152 0.08800539130784128 0.2987885037065278 0.9425446288169907
1.305031234603100061e+09 29.528244863751794 -4.564008001192254 -18.363879927481157 0.15023559935645361 0.09579366745172906 0.298262604054507 0.9377058477927813
1.305031234663199902e+09 29.64296231196231 -6.796067830096266 -18.242777426244142 0.18584056859627301 0.1037847779740869 0.2939981480995806 0.9318031400669888
1.305031234733000040e+09 29.430161971994693 -7.431667184703347 -18.12239609862305 0.21905956356807124 0.10896846590596902 0.2890524973270312 0.9255200888346361
1.305031234802999973e+09 29.583054341718196 -8.285965034274692 -18.483698591294253 0.24914222548003725 0.11767492372972009 0.28460651533152603 0.9181938222613483
1.305031234863100052e+09 29.913975810825654 -10.149048179355315 -17.72775770459109 0.2708145509379083 0.12082046499769925 0.279789602866084 0.9131153664056244
1.305031234933099985e+09 30.486873093472678 -10.573432907239615 -16.53294819383272 0.27422400100587047 0.11584266647262322 0.2794130472133304 0.9128581614598217
1.305031235003099918e+09 30.94481025529008 -9.375360052724565 -16.11478361293251 0.2581714631080126 0.11067656615581174 0.28541906453757293 0.916315530229147
1.305031235063100100e+09 30.611104017708506 -7.595698442413711 -17.14682545830569 0.23761075597877107 0.10694849200065279 0.29170737224323917 0.92033143903755
1.305031235132999897e+09 30.610330468346007 -6.9737829930483475 -16.690796883279027 0.21428676721396311 0.10172437330485336 0.2956673642170483 0.9253724347578475
1.305031235203799963e+09 30.446947453529745 -5.105527597375357 -17.7208247412906 0.18841240744598164 0.09416468330422147 0.300781570006508 0.9301420452183878
1.305031235263099909e+09 30.418531459053806 -3.170116294059267 -18.114937264080975 0.16318220950389675 0.08612557805943523 0.30294224016521265 0.9349759090099792
1.305031235333100080e+09 30.480610425128837 -2.7472046570172814 -17.37383284482264 0.1338175029299028 0.07612756573119558 0.3024280130773231 0.9406565614248116
1.305031235403000116e+09 30.19965028444855 -2.3231412321208142 -17.00444785351312 0.10196556325229705 0.0699222476758618 0.3042801620485466 0.9445250055844511
1.305031235463099957e+09 30.233702280060086 -0.22268787845438331 -16.64028796917839 0.05690222801357502 0.0618031532107412 0.3098609182484593 0.9470632069944024
1.305031235533099890e+09 30.064444853142806 0.2207214707355717 -16.808159619946352 0.018620094554977002 0.054885604238040064 0.31443939628523176 0.9475065849850163
1.305031235602999926e+09 29.852692431828757 1.8935462186734744 -18.080722909660967 -0.016743089341123882 0.05086650548896055 0.3167341851937332 0.9470014379652856
1.305031235663000107e+09 29.387640507265544 4.143436845370548 -17.55681652209374 -0.05965058041417421 0.04319892334576865 0.31821068450496776 0.9451548135331577
1.305031235733099937e+09 29.461232555133343 4.796267079747542 -17.797549737992348 -0.1021984778529393 0.03682140796942806 0.32036764436069515 0.9410442218548873
1.305031235803100109e+09 29.55041132542424 7.271632716663259 -17.997112401435828 -0.14347805113584222 0.028151193986561584 0.32262914054991415 0.9351641549949482
1.305031235863100052e+09 29.681288992142814 9.239972871188412 -18.20689086225536 -0.1754534121689646 0.019750944668609893 0.32297858780934247 0.9297907464368786
1.305031235933099985e+09 29.802477041555463 11.302942908262352 -17.942969637710142 -0.20661575297075432 0.011496471005711679 0.32191678881846647 0.9238762594934181
1.305031236003000021e+09 29.79103932284552 12.449909529745845 -18.58393581095932 -0.2245190838027522 0.008480057367656767 0.322508448556849 0.9195148559130886
1.305031236063100100e+09 29.491344962621415 12.455448932024808 -17.73292479603377 -0.24898627664203335 0.0023213119979019294 0.32170849704724225 0.9135119531139971
1.305031236133100033e+09 29.337031882580494 13.35164632902229 -18.376534653483528 -0.2614965112763214 0.0003303159677635261 0.31848665780973556 0.9111452761655843
1.305031236203000069e+09 29.221370684083258 12.681492515924216 -18.093589952128674 -0.27401374188933925 -0.0019927645365798007 0.3154774854688711 0.9085078174168578
1.305031236263099909e+09 29.169120708270984 12.674192334681624 -16.816420948909006 -0.27504716103043364 -0.009523542855529732 0.31137921011983316 0.909561074829902
1.305031236333100080e+09 29.399853010618216 11.725240013747438 -16.39944228120864 -0.2621719716549435 -0.003549545922576234 0.3095529340352001 0.9140187301322125
1.305031236403000116e+09 29.350064380778594 10.098940939397021 -16.815704045413465 -0.2398101143063768 0.004209249050347886 0.3124152871587225 0.9191681454708532
1.305031236463000059e+09 29.795123346269257 8.25592817743709 -17.383366321629147 -0.21060439189935123 0.014228111717180813 0.31404569015133293 0.9256449942861685
1.305031236533099890e+09 29.865938502709632 6.516463797497628 -17.136581361134816 -0.18335555360135816 0.022252530814605848 0.3147601815401425 0.9310271714363125
1.305031236603100061e+09 30.65416221003331 4.918733343591798 -17.73716580606931 -0.1456198905150547 0.030088528612105217 0.3194913760676156 0.9358497681523266
1.305031236663000107e+09 30.20235516029963 4.581422421146152 -18.367147458101023 -0.10977179096524617 0.040994512044265956 0.32181585442367083 0.939523368379998
1.305031236733099937e+09 30.254660928532918 2.785919983208766 -17.67536983743083 -0.07750989673787452 0.04592730402129411 0.32372857869319427 0.9418506813663746
1.305031236802999973e+09 30.337103849708434 0.9746569940822614 -17.297146101809506 -0.045749429934586285 0.055486698770410396 0.3260797086056813 0.9426029066133077
1.305031236863100052e+09 30.718850918094837 -1.1382745024582805 -16.69971158248881 -0.00892998566447143 0.06074666290482563 0.3257888135800295 0.9434467378967805
1.305031236933099985e+09 30.97421801539092 -2.4772108718137456 -15.676149460519596 0.020956011094280805 0.06840009053813034 0.32805343835608425 0.9419465031498035
1.305031237003000021e+09 31.119082947862587 -4.357435220118301 -15.0962368852552 0.05803472300670015 0.07741100570795333 0.32940154533604876 0.9392199577580546
1.305031237063100100e+09 31.34664831982206 -6.261541222160244 -14.06434818138858 0.09525862153531775 0.08376948890402505 0.32822166251070056 0.9360443408357647
1.305031237133199930e+09 31.618988382349904 -8.288061491653105 -12.715193929503794 0.13493501024732008 0.09173683891792896 0.3235305003457543 0.9320434060390789
1.305031237203000069e+09 31.968181900225275 -9.36288030142033 -11.345904474897223 0.16270102299334838 0.10170280509432367 0.3207953105680797 0.927510261544525
1.305031237263099909e+09 31.930307731451308 -11.200317472123032 -10.789194153460237 0.19442812553781524 0.11152247372889958 0.31529620953948295 0.9221435582940831
1.305031237332999945e+09 31.19978915841319 -11.61573912179663 -10.55219638728237 0.21986778966278914 0.1178164039112572 0.3081482192477394 0.9180534434403403
1.305031237403100014e+09 30.65573156532458 -12.99723908656198 -10.465675369210272 0.24935550317958688 0.12715627007996733 0.29818428715492995 0.9125454766242128
1.305031237463000059e+09 30.780641846499893 -12.942749002083339 -10.401925060728251 0.26911080597394654 0.13504296493101467 0.29084930653630187 0.9081571739616694
1.305031237532999992e+09 31.170755977312805 -12.765193794509463 -9.086184381442582 0.288957753483234 0.1398132133327929 0.2863947342435935 0.9027368045432861
1.305031237603100061e+09 31.34645734648605 -12.449867135731013 -7.854787170310285 0.305537319026705 0.14472298774828485 0.283309097904988 0.8974620652392197
1.305031237663000107e+09 31.263066938854966 -11.709788949796165 -8.076367923332578 0.3118831416184555 0.14820156058376488 0.28139515699004464 0.8953111018172887
1.305031237733000040e+09 31.212939022562797 -11.452036195238293 -7.201530337206495 0.3149587343886726 0.15182627105565105 0.2801129457755569 0.8940282527183139
1.305031237802999973e+09 31.77952170023699 -11.020785077746533 -6.706790241842771 0.31228925703929516 0.1538600210789909 0.2835731384184537 0.8935260427200351
1.305031237862999916e+09 31.964947094703582 -10.302042756860535 -7.712456013672769 0.30712950119917265 0.15342278292589007 0.2857019954808931 0.8947107292028291
1.305031237933099985e+09 32.21167825608307 -10.252881270234917 -6.902166909534955 0.30911033916755865 0.15578668354042224 0.28984457171254246 0.8922843894745476
1.305031238003000021e+09 33.24474784439375 -9.383305038572619 -7.300979236390578 0.2921149117926389 0.15221361705254585 0.3007867652982136 0.8950012373810422
1.305031238062999964e+09 33.99633517424817 -8.083792446545713 -8.838251971970799 0.27138403345499557 0.14456024912197935 0.31875381011543685 0.8965762930706909
1.305031238132999897e+09 34.182571897750634 -7.268719278979307 -9.95271212389066 0.25149948469287253 0.13282258532823127 0.32416991456717376 0.9022305894367889
1.305031238203000069e+09 34.44174818739104 -5.6569114430919365 -11.634688062884836 0.21289182572700133 0.12014364276193357 0.3357108046649197 0.9096927125539419
1.305031238263000011e+09 34.277281169216664 -3.5177043074608787 -12.330221166198449 0.1774248520171219 0.10370766932314157 0.34416876290918724 0.9161402752023425
1.305031238332999945e+09 34.02681685627372 -1.4269096259308682 -12.408753187710138 0.13102456768503598 0.0890123513907031 0.3485439004820745 0.9238108645169689
1.305031238403000116e+09 34.18569630364411 -0.0018741696227023152 -13.510242643158751 0.0991266746173967 0.07809462746834091 0.3550470090179179 0.9262919372030118
1.305031238463000059e+09 34.03640930830855 1.844586817186285 -14.141950398000299 0.06420257922712566 0.06755813400407616 0.3576664540166859 0.9291870828964434
1.305031238532999992e+09 33.96684973099645 3.7044072007438986 -13.151514614220865 0.03507674829657917 0.053576186417048734 0.3626017656772391 0.9297414551936966
1.305031238602999926e+09 34.30256378589069 3.755912018576201 -12.48161124610453 0.011216103133280333 0.041636906485080505 0.3674076446687563 0.9290598418228038
1.305031238663000107e+09 34.43924065384421 5.453563001750358 -12.457156796148311 -0.013474848063732291 0.031136129625614226 0.3693607041395477 0.9286665925611483
1.305031238733000040e+09 34.55125489381739 6.563482080113817 -13.164080827072194 -0.031076190857748952 0.02523879164482977 0.3718630093363064 0.9274239462324809
1.305031238802999973e+09 34.5855344366072 6.444319321504069 -13.068937027785518 -0.054555214341358425 0.01915213767182546 0.3753979272516991 0.9250585497285541
1.305031238862999916e+09 34.7976711490133 6.342191191095318 -12.276363754946619 -0.07775997324739013 0.011991295611665478 0.3758248865321198 0.9233445998397555
1.305031238933000088e+09 35.1606584723186 5.924735372157864 -12.33692974212312 -0.09163913008002927 0.009726946254797924 0.3774298777684772 0.9214414488845203
1.305031239003000021e+09 35.04442098027656 5.307448076659996 -12.263821804413901 -0.10376092803505488 0.003327572813362448 0.3778966523692116 0.9200090853902582
1.305031239062999964e+09 35.07929005908433 5.754042803405054 -11.228056888640223 -0.11895902676357174 -0.001038118386869168 0.3769963516535306 0.918543098118758
1.305031239132999897e+09 35.33877648821468 5.036452144861478 -11.776219726740436 -0.11934904145689738 -0.003676380676679383 0.3762275610239414 0.9188009103469678
1.305031239203000069e+09 35.02056145217549 5.554422891463513 -11.746701345190823 -0.11008057925606905 -0.0011105964712238652 0.3739778889533545 0.9208808670073012
1.305031239263000011e+09 34.730304390778 6.416511958366362 -11.920969019996983 -0.099623389232979 0.004595272993054016 0.3760895619145255 0.9212006867142436
1.305031239333100080e+09 34.76473349461786 4.943505448616507 -12.27199518265607 -0.08165075107804068 0.01152687465319574 0.37573914832821254 0.9230494994433999
1.305031239403000116e+09 34.44881259167959 5.407423698795525 -12.632392649136884 -0.06154143904854968 0.021607689220009375 0.37602634821023834 0.9243105238490352
1.305031239463000059e+09 34.68870558096238 3.955291211847211 -12.93428251242731 -0.03634353301455695 0.03301721921289874 0.3780203271726383 0.9244942634152787
1.305031239533299923e+09 34.79491415237108 2.930930691909242 -11.969999990209697 -0.014791682530904661 0.03853877684774394 0.3766188561496725 0.9254481109168127
1.305031239602999926e+09 34.86739027984695 0.9339130626572792 -12.194666865605452 0.014283558612150709 0.044298207460284046 0.36973690856502817 0.9279699710733934
1.305031239663000107e+09 34.8132168152986 0.9426799193975618 -12.14265557456679 0.04204639537670385 0.053799332866497816 0.3646675704167267 0.9286308715013235
1.305031239733000040e+09 34.349656313031005 -0.36610999548967366 -11.303594532108287 0.06646196717800663 0.06274330482355511 0.35868153479078135 0.9289745105323275
1.305031239802999973e+09 33.76203670063182 -0.5109915633798711 -12.195813339411238 0.10204122135019514 0.08581000544842028 0.3559683136562662 0.9249382637684618
1.305031239862999916e+09 34.04482385073312 -1.0272032500690784 -11.521576764054208 0.1330937862816593 0.10105087434594377 0.36047697459468486 0.9176770214155934
1.305031239933000088e+09 34.06658696257216 -2.706723475230712 -10.54340147436373 0.1688595844829454 0.10796816960044428 0.356165053505333 0.9126750625183752
1.305031240003000021e+09 34.191079088115885 -3.874023635932798 -9.02241478329512 0.19519149391326993 0.11247202884913284 0.34875068229015366 0.9097380309916794
1.305031240062999964e+09 34.16280239302266 -4.849322081832425 -8.138767241762283 0.22116702385998357 0.12605683816757474 0.3463839836288588 0.9028914425297837
1.305031240132999897e+09 33.78128934889296 -5.730856687385859 -6.507300755388648 0.2571751675484749 0.133448047751193 0.3401270392551676 0.8946318510512147
1.305031240202899933e+09 33.89803457738081 -7.039160619902095 -5.641460831157646 0.2882870870233282 0.14618000749067725 0.3353320148946899 0.8849149115323445
1.305031240263000011e+09 34.061165706202246 -8.131301744945855 -4.554181683998165 0.32111841112791134 0.15999340875681428 0.33077321155585465 0.8728540300107953
1.305031240332999945e+09 34.06334143544402 -9.530494559216164 -4.11318035658318 0.3519234466166599 0.17479193369497584 0.3244950658720639 0.8604072407071589
1.305031240403000116e+09 33.96178921351852 -10.1994633766129 -2.481775818250005 0.37000798445271127 0.18014908117067888 0.3153356874179526 0.8551045574871236
1.305031240463000059e+09 34.14973132792946 -10.6305181459682 -1.2508813668176038 0.38283145761281495 0.18384266860257137 0.313226271600722 0.849429956525106
1.305031240532999992e+09 33.78418116710761 -11.181889107373257 -1.7857519477673542 0.3962482038575576 0.189965358817446 0.30737713213659557 0.8440496561390807
1.305031240602900028e+09 33.7766416783938 -10.893214987447237 -2.7416190968558958 0.39292603378966223 0.18570964118643574 0.3091999598174452 0.8458820520554984
1.305031240662899971e+09 34.01650072068233 -11.293860781794084 -2.2070140783351393 0.38117038409809595 0.17883776380891178 0.31321328727315784 0.8512482770601538
1.305031240733000040e+09 34.305729583789855 -10.645916133638854 -3.4893439456925095 0.36587867791895096 0.17344822670109747 0.3175634646701677 0.857439182452729
1.305031240802999973e+09 34.45663314693114 -10.220169314125869 -4.720079655116806 0.35306089934326257 0.16891112233030456 0.319577578501452 0.862952609027397
1.305031240862999916e+09 34.75799667194859 -10.464888439573231 -4.086106649416097 0.33142349425288353 0.1594405775756422 0.3185096895551702 0.8736639785060522
1.305031240933000088e+09 34.78721724856641 -10.022422292887514 -5.348699597026272 0.31343412072049026 0.1506513078552342 0.3213425921606402 0.8807963293935557
1.305031241003000021e+09 34.10541730946758 -9.478204763969329 -5.364482673158186 0.27496699455189405 0.13611309508999633 0.3222909307896674 0.8955416981820835
1.305031241062999964e+09 34.1403961964732 -8.150641571811747 -6.193764659417916 0.22866431080252994 0.12514341105705803 0.3278457550648703 0.9080577737788237
1.305031241132900000e+09 33.922494603435275 -6.573269114196508 -7.741383783572359 0.1892175761292925 0.11329560462943675 0.3375245536718164 0.9151163808631375
1.305031241203000069e+09 33.7180110105727 -6.295247778643814 -7.850798773334763 0.1517321574900003 0.10385083884268888 0.3467420671662043 0.9197620858202445
1.305031241263000011e+09 33.71550260501771 -5.7776327767692 -9.040719799348244 0.12572152875143072 0.09191153647289806 0.3480222904614185 0.9244603031031577
1.305031241332999945e+09 33.176451433575906 -4.367527619464642 -9.901653907943327 0.08404905386835955 0.08330767002802941 0.3479616999160741 0.9300098085772269
1.305031241403000116e+09 32.77165982897044 -2.7183153156989732 -12.411912090448649 0.044310595537932936 0.09078561484638155 0.356851832381909 0.9286825684730559
1.305031241463000059e+09 33.0499028500692 -2.097980477216614 -12.796306495248176 0.009403206933309441 0.08651085920976215 0.36769880449883097 0.9258644825827852
1.305031241532999992e+09 33.50831943717216 -1.7124664160535725 -11.488536960743517 0.006809581167858056 0.07668443504234411 0.36351198721858813 0.928403017107844
1.305031241602999926e+09 33.47060884826005 -1.09074017185548 -11.315485676319593 0.012484137853719155 0.0745027214045705 0.3595855170731995 0.9300493248836655
1.305031241663000107e+09 33.733611189016045 -2.223331315579488 -11.292181266753317 0.027910384862820353 0.07502704452015939 0.36001409813214863 0.9295062141553841
1.305031241733000040e+09 33.964930525299174 -3.339310210834687 -11.116324266003296 0.03791926334226852 0.07016599762703733 0.3586469699367149 0.9300597901209338
1.305031241802900076e+09 33.498436993333854 -3.8661483724163808 -10.076040679250704 0.03958426414993941 0.06623392009599799 0.35664328853974125 0.9310487197778556
1.305031241862999916e+09 34.163634979535075 -2.4829573435222034 -9.066340112550774 0.05283887870270619 0.055324843408506415 0.36366397421560126 0.9283833951859433
1.305031241933000088e+09 34.396288826205854 -2.6886785675796037 -8.276471677000517 0.05865253484969881 0.03766932663515174 0.37169736172838563 0.9257332084735412
1.305031242003200054e+09 35.15963950273893 -3.125562688456436 -6.810580773565267 0.06728183789929255 0.00942615887497838 0.37397611057183217 0.9249465771271992
1.305031242062999964e+09 36.327080015357566 -3.8937897845166574 -4.431809655491561 0.0712092151015262 -0.025682019016563255 0.36779215148837957 0.926821781621152
1.305031242132999897e+09 36.21141969230243 -3.485960596211226 -1.936409373955879 0.07678204914913528 -0.06207950422939036 0.3570269462086947 0.9288608139888272
1.305031242202899933e+09 36.10297399208651 -3.285115961721317 -0.9059429749442192 0.07869651673134918 -0.0904631645141354 0.3513148783174643 0.9285478611214535
1.305031242263000011e+09 35.985216027156945 -2.910980703929825 0.5192057489386331 0.09128111653017565 -0.12054051068255316 0.3498885680351581 0.9245083736817642
1.305031242332999945e+09 35.09886272700053 -2.6979415999404464 3.379746400213627 0.10613992917644749 -0.1544847516866896 0.33997229217923447 0.9215680210820674
1.305031242403000116e+09 34.818291021348834 -4.029579254764069 5.488676818282696 0.11879088481130314 -0.18568904271078546 0.3310247708557568 0.9175134365134898
1.305031242463000059e+09 34.548885214225315 -5.041637445690457 8.482453542169242 0.13502225565697726 -0.22069353497405558 0.3249653766821334 0.9096487553203139
1.305031242532999992e+09 32.188497630833794 -6.221067459613143 12.642463126158319 0.1609868752921519 -0.26771674166415377 0.29909894112538615 0.9016378406178784
1.305031242602900028e+09 31.293373486453223 -5.477338386806923 14.997663096573937 0.17871392479144613 -0.3117225223014908 0.2969970897540877 0.8846938062704159
1.305031242663000107e+09 29.128129479972372 -6.208988523432485 18.615748190953248 0.19081534503875874 -0.35366052665595316 0.2831265025414059 0.8708347257326413
1.305031242732899904e+09 26.732454804414463 -6.369082650108738 21.631890824719672 0.20752151637420793 -0.4047277162173172 0.2821544448630748 0.844700636445406
1.305031242802900076e+09 24.203012800257603 -7.258692145499276 24.30235974828247 0.2071678590045222 -0.44241813425840354 0.2630088244075726 0.8319699699860221
1.305031242862999916e+09 22.76664595780641 -7.80752887667831 25.678949958899636 0.20427289076752833 -0.47839718011946664 0.26485607324883875 0.8119482647400793
1.305031242933000088e+09 20.849327021203962 -7.680366958607805 26.74960351819834 0.20701811556389974 -0.5199568696051314 0.2601952949342879 0.7868206670346575
1.305031243002899885e+09 17.74499058087776 -8.531782038911837 27.914269118545384 0.21150095252777296 -0.5496118152462343 0.2414534839596319 0.7712939872093776
1.305031243062900066e+09 16.340428685620324 -7.792394764342826 28.965423580087304 0.20451220301768208 -0.5740914824348115 0.2383908009384393 0.7561504841237517
1.305031243132900000e+09 13.9004913244679 -8.200175541849843 29.325886978133443 0.21171902919974722 -0.5906946760495749 0.22520613641699969 0.7453435774738599
1.305031243202899933e+09 13.525463650916029 -7.776901014593988 28.977336717289592 0.22300090284881377 -0.5768825647024557 0.21777255353244268 0.755018025479452
1.305031243262900114e+09 14.875999897844514 -7.740322399206917 27.878756612277172 0.2255695137733551 -0.5407896428686755 0.22770901146114994 0.7776976036490072
1.305031243332999945e+09 18.37353955730505 -7.169876125618052 27.081334288736358 0.21246256739720806 -0.5046181096676439 0.25084239638596395 0.798309659859999
1.305031243403000116e+09 21.197455377264436 -7.817913640785682 24.844097690270576 0.2155340108594381 -0.4532955380840448 0.2606065224531421 0.8247135780201633
1.305031243462899923e+09 23.80372335558798 -8.06483042907676 23.66341064779071 0.21508302894662967 -0.41334439236520093 0.2705839088875644 0.8424191665735723
1.305031243532999992e+09 25.548987814788063 -9.39364783167083 21.883959047561724 0.21407539633678302 -0.37863237201481054 0.27000149596059925 0.8590159740800668
1.305031243602900028e+09 26.475651153707187 -9.581390442817542 20.318229971442978 0.21376853461333878 -0.33454051863048967 0.27431970808994327 0.8758620626315294
1.305031243662899971e+09 27.901204452170678 -10.728889914039879 16.95038604677536 0.2184704276764869 -0.2784335779682468 0.2732411025928471 0.8944745467281326
1.305031243732899904e+09 28.458194677350406 -11.920870048451263 14.100165636292855 0.21743568171685587 -0.2155515924206783 0.270526372286016 0.9127292683041363
1.305031243802900076e+09 31.290190512747063 -11.423943510927588 10.006786878491145 0.22408703685385437 -0.13549479557310118 0.2930630856151676 0.9195325922099661
1.305031243862900019e+09 32.3206858781312 -12.707122467237296 6.508034580166117 0.22746468675370524 -0.05850465058560788 0.29965167815452687 0.9246869167015777
1.305031243932899952e+09 33.14717988985222 -12.819751206884376 3.9381223941726278 0.22370610926914358 0.0006748254778695837 0.31493304880638706 0.9223731869778904
1.305031244003499985e+09 33.448811461906736 -14.136388382327246 1.4640405303843294 0.22393527026468069 0.052855185817011416 0.31861383955342176 0.9195349614390743
1.305031244062999964e+09 33.388594455224734 -15.464594381881783 -0.26389015701052665 0.21684044491800172 0.0910806183051525 0.31886768342964755 0.9181546399605701
1.305031244132999897e+09 34.35570357359986 -15.2520960929666 -2.4568629935315403 0.20813774226508824 0.12775093441571983 0.3317145946852815 0.9112210525846522
1.305031244202899933e+09 34.8184619030064 -14.499921155851565 -5.9733812576770395 0.19551290671394853 0.16971721673000634 0.34383467273969154 0.90263419361094
1.305031244262900114e+09 34.8418163531483 -14.802472645470283 -9.67434644880199 0.17923926487397038 0.21657329807993334 0.34818007677945484 0.8942817937429298
1.305031244332900047e+09 34.136323029420524 -15.541663505325626 -12.888027416555765 0.1535208180255055 0.26191516601259385 0.3526733706424086 0.8851289724583065
1.305031244403000116e+09 32.30227966703852 -17.961538878866893 -15.961821784116422 0.13614788581579668 0.31199392116203073 0.34128986010645224 0.8761533985178324
1.305031244462899923e+09 30.3931409948885 -20.145904472372703 -18.45164797399262 0.11938023843000735 0.3561554459960889 0.3303351088132878 0.8658985927029994
1.305031244532900095e+09 29.26453451161224 -21.228265130404747 -20.370781500833623 0.10565108464996376 0.39065489815346416 0.32967300031194435 0.8529609086741978
1.305031244602900028e+09 27.194713190308843 -20.91594527484113 -22.252887878847538 0.08879008161033455 0.42217644528841697 0.3229687032438181 0.8423625034249048
1.305031244662899971e+09 26.02246766831186 -20.84709843702572 -23.546136718869782 0.06863748118130697 0.447095133217894 0.3263547977552409 0.8299923999724909
1.305031244732899904e+09 23.5801957004673 -22.08126562353234 -25.91879538161158 0.04139129418828668 0.4802881634310134 0.3210912616240395 0.8151750993143533
1.305031244802900076e+09 22.83238547368871 -21.575959078361286 -28.06808588116835 0.035526557126637555 0.5131146148454264 0.33107774113060945 0.7910997314489562
1.305031244942899942e+09 21.555214641023156 -20.972093286443833 -29.28820362743752 0.03480427888773821 0.5369992527439209 0.3304297069273256 0.775394527646086
1.305031244942899942e+09 21.42663310858824 -20.618089850414183 -29.87228644920308 0.031570979350051855 0.5545227200172986 0.3404740594939351 0.7586733427893824
1.305031245032900095e+09 22.21888747717717 -19.54398880765015 -30.24831873891237 0.034894275821526155 0.5632861916909233 0.35403462548342113 0.7457550132074483
1.305031245062900066e+09 22.729589328436212 -19.2892285071399 -31.129891686727245 0.04180509081492181 0.5668702957110388 0.3578611049261152 0.7408413000120171
1.305031245132900000e+09 24.89971850346997 -19.40027520001377 -29.870925344454694 0.05481696435791006 0.5521702511963974 0.36627726122048293 0.7469565462763635
1.305031245202899933e+09 28.906759180006667 -17.419406452324957 -27.691457619255274 0.08303104039256685 0.5210862174408043 0.38328607067186155 0.7580677993118341
1.305031245262900114e+09 31.827715515934575 -15.372682711230416 -25.715085807297303 0.10634732267742447 0.48446341386032304 0.39414591326441345 0.7737147062368056
1.305031245332900047e+09 34.98312618151785 -13.866690074850435 -21.61294147719968 0.13720535698041983 0.43327709088166927 0.39295616534065864 0.7993942110459384
1.305031245402899981e+09 35.96287806314879 -15.072782195251962 -17.147497929649955 0.12764053240457593 0.37539712807486425 0.371565714694792 0.8394782965532634
1.305031245462899923e+09 37.753960549572064 -14.981229054992635 -12.893419156040288 0.14736408403863688 0.33275664600471266 0.3734540943265728 0.8532812436154138
1.305031245532900095e+09 38.74644376714833 -15.309971691018285 -9.19285865596157 0.16152116765930447 0.2857054874445292 0.37313215156277735 0.8677878106496953
1.305031245602900028e+09 39.15699039747886 -15.046948648786298 -5.0227479895763345 0.16122233008804868 0.23500106348087646 0.3696546142820996 0.8843852817543886
1.305031245662899971e+09 39.57788883180236 -13.398232690419611 -1.758187267513271 0.16697404097141758 0.19108095775757047 0.3723042324721244 0.8927470502373377
1.305031245732899904e+09 39.93260998858571 -14.452448567199845 1.134080334984303 0.169271166455505 0.1481650091394472 0.36609555876520333 0.9029775435335552
1.305031245802900076e+09 38.60132213604184 -15.478901693869759 4.979325363819125 0.16537894970369013 0.10048759874212117 0.3459139283939671 0.9180934590971663
1.305031245862900019e+09 37.36411834325195 -17.407381554314053 8.474844775578287 0.16408349902363695 0.056638889167697534 0.32761272116549756 0.9287295335632153
1.305031245932899952e+09 35.69428974433154 -18.45531883307945 11.599187298677254 0.16293505389078713 0.014602539683429719 0.3163134819160623 0.9344435323798529
1.305031246002899885e+09 34.75228072638746 -18.72971465833548 15.184253604879624 0.1653760517437223 -0.029601602495802775 0.3100708557506584 0.9357513403962575
1.305031246062900066e+09 34.07882217791477 -17.93512435057339 17.496624471302265 0.1762293498281415 -0.07329765240790274 0.3078068686841892 0.9321081493053663
1.305031246132999897e+09 32.15318526756322 -15.736237912462762 21.39928042931181 0.1969064940540729 -0.12394494949977997 0.31305749370898694 0.9207934012173837
1.305031246202899933e+09 29.16215402190575 -15.86822626589909 24.798607219173235 0.20546915742204014 -0.17020987200148285 0.2996498211397546 0.9159809001897523
1.305031246262900114e+09 27.06305860454662 -15.550253221688381 27.571526887301825 0.22415735730593553 -0.2220849562032588 0.2895324801084317 0.9036607186085253
1.305031246332900047e+09 23.253777162317853 -16.06422975311282 30.36892242577963 0.24612017990688811 -0.2817084105487527 0.27431854512200704 0.8858976037166156
1.305031246402899981e+09 18.866407717252027 -16.934065969357107 33.27825119197866 0.26439522387030917 -0.3326726802722475 0.25638088816420485 0.8681548787970852
1.305031246462899923e+09 14.796030913645547 -17.60695635121815 35.2950381004937 0.2818360675899697 -0.38627369264855915 0.24241914894236719 0.8441528425582223
1.305031246532900095e+09 9.582725670642617 -18.067267301193436 37.35474493391611 0.2955710138225643 -0.4341922154928905 0.21834997294568864 0.8224586221250852
1.305031246602900028e+09 4.728512343950873 -18.47225301818301 38.83936335794803 0.30243513967106855 -0.48239592101981577 0.19908826951195838 0.7976158364891702
1.305031246663000107e+09 1.1507450091203937 -18.537388183245117 40.1068435452662 0.30863397739304754 -0.5205927769267821 0.19242624929359456 0.7724638290515673
1.305031246732899904e+09 -2.66740936896979 -18.70445104690178 40.2287778851894 0.31898044041005424 -0.5643150626142424 0.19211530865971327 0.7368118463495784
1.305031246802900076e+09 -6.167600804672195 -18.856418179370007 39.925072691686694 0.32726696316060017 -0.6041234390793334 0.19502378491875377 0.6999263736240842
1.305031246862900019e+09 -9.5207468470321 -18.77074684444228 39.17995812112364 -0.322682735703207 0.6374895806900192 -0.18767947216176756 -0.6739876128830843
1.305031246932899952e+09 -12.312075300595714 -19.41398105646808 38.414805209874174 -0.3244960816668981 0.6678049780115901 -0.1915470525036116 -0.6419100645752083
1.305031247002899885e+09 -14.649451626323646 -19.822422992326278 36.95631224038073 -0.30938984574991696 0.7017142751619723 -0.18881308538047392 -0.6133715172469751
1.305031247063699961e+09 -16.732470637542367 -21.875218683054758 35.326469977318396 -0.29475829145060384 0.7332970882710483 -0.1895438319515057 -0.5826371647290126
1.305031247132900000e+09 -18.049181293312504 -21.59400880234303 34.67575395062634 -0.29113539104774505 0.751159152718157 -0.1828768437370519 -0.563521225325179
1.305031247202899933e+09 -17.839515110885078 -22.58664897584055 35.18169787203453 -0.28053195434047823 0.7577301930920455 -0.18154280632518957 -0.5605256341526034
1.305031247262900114e+09 -16.49183456934898 -21.729572959826072 35.91496449921295 -0.2855681253259422 0.749270614610207 -0.18329864072184918 -0.5687231313996222
1.305031247332900047e+09 -14.100644989788393 -21.82835929461303 36.94351873889426 -0.28502000491954305 0.728248005496998 -0.2014384554785402 -0.5897804574074395
1.305031247402899981e+09 -10.771558509993723 -21.326156048058188 38.622463513047556 -0.28621011857060374 0.694101394249288 -0.22737824192130207 -0.6201662338678023
1.305031247462899923e+09 -6.908767404391749 -19.355951954165594 40.806304196229455 -0.28400802972598527 0.6576287015842184 -0.2521498960013768 -0.6506030739631605
1.305031247532999992e+09 -1.4074673313961887 -17.088236469580593 42.665904351368006 0.283283426418687 -0.6108677372499837 0.27995845019197674 0.6842619192017629
1.305031247602900028e+09 3.472468988075989 -14.551187098835996 43.49028783774018 0.284699217396269 -0.5640004376987763 0.3019589229538075 0.7139122290156664
1.305031247662800074e+09 8.469823712220556 -13.186044408657615 43.09884225488712 0.27889639550286116 -0.5130896978794682 0.3116137662272155 0.7495682912204582
1.305031247732899904e+09 15.453693428325815 -12.812521419868805 40.651019260280144 0.26723308524433975 -0.4444609812991303 0.32934292168877627 0.7890336838100805
1.305031247802900076e+09 19.86955355425171 -11.613801521203856 38.8876505985706 0.26473828383591236 -0.37826820562252317 0.33715009079465014 0.8204612251434503
1.305031247862900019e+09 22.39803973570233 -12.601426339094678 38.259834741614895 0.2721840837968485 -0.33174974692748294 0.3259711298685198 0.8423780341589291
1.305031247932899952e+09 25.46716671024041 -12.356026725033383 36.041577397698624 0.28353262061882656 -0.27719893509071747 0.33240028773000374 0.8557336338759881
1.305031248002899885e+09 27.424885165406838 -12.115538186559357 33.40396404347465 0.28735022957294015 -0.22431354945458834 0.33086154251396094 0.8704274333801441
1.305031248062799931e+09 30.20254709632948 -11.95690796042795 32.24703916032285 0.28804989786077817 -0.17896078453979222 0.33689607513863995 0.8783514834594848
1.305031248132900000e+09 33.05776714177162 -12.960130820554456 29.620813804875954 0.29402212774733527 -0.11892335519457359 0.33537594805043586 0.8870914256453312
1.305031248202800035e+09 36.55216404691015 -13.233547338182166 26.024689818493894 0.29416771006989906 -0.059991298911047125 0.33874716437883223 0.8916931989381198
1.305031248262900114e+09 39.25389915194743 -13.93586695203698 23.262185772367648 0.2871449182512442 -0.010295548024265962 0.3452063578788929 0.8934620126750527
1.305031248332900047e+09 40.80573203714718 -14.491640857860924 19.626142563960446 0.2725731155241235 0.03745969344834324 0.34000424435331184 0.8992762544857739
1.305031248402800083e+09 43.07839178874394 -14.3867635023966 16.72526369554975 0.25862214728819777 0.07695510548076799 0.3512405247593004 0.8965615374525593
1.305031248462899923e+09 44.87110348374859 -14.281829889039683 13.911701907264105 0.24789388175084814 0.11685234265716471 0.35749790823684063 0.8927986329583579
1.305031248532900095e+09 46.26433938779409 -14.481551307681286 12.374991780103098 0.23817280139642907 0.13522441637507626 0.3657369816390579 0.889508029279415
1.305031248602900028e+09 47.167698867825415 -15.603041023037592 9.502055403137792 0.2318696835146451 0.1722838681751603 0.3537436165240893 0.8896179924000415
1.305031248662899971e+09 47.98408915486013 -16.109751819247037 5.165632991810852 0.2303749049948384 0.21584435671100843 0.35593298461175754 0.8795739464593052
1.305031248732800007e+09 48.05163128569201 -17.94051401331539 1.4957603285898646 0.2197100399123888 0.25853565322185046 0.3554730563404422 0.8709338210167478
1.305031248802900076e+09 48.12832217944836 -19.983971036659874 -1.3960828612398604 0.21658212313519895 0.2976110810582567 0.348231662756153 0.8621221128260602
1.305031248862799883e+09 48.48381760940233 -20.92414114197967 -3.8815331535997273 0.20734074961787188 0.3279610655994171 0.34360657407171735 0.8552110121212725
1.305031248932899952e+09 47.9547551831623 -23.06811222039361 -5.447497847022149 0.1966069252732948 0.3530633137799977 0.32262403207823204 0.855923914447337
1.305031249002799988e+09 46.337571429674604 -26.586231464680978 -7.312886072004121 0.18561926727055625 0.38025585761129466 0.3025849663900635 0.8540452613796089
1.305031249062900066e+09 45.461487613175564 -28.46390596764291 -9.20250489937022 0.17420570865834686 0.4016109000829697 0.29839521208864 0.848128146807996
1.305031249132800102e+09 45.31950582407101 -29.71338081820039 -9.930471055242231 0.16605330838669952 0.4105465176604592 0.29696266995903087 0.8459852411605687
1.305031249202800035e+09 44.65646861634023 -29.127433047653565 -11.108991637949526 0.1497819540530113 0.4182198176068749 0.30344034190783087 0.842959968980611
1.305031249262900114e+09 45.14833887955446 -26.686234632252727 -13.501115036779996 0.14150117952368588 0.4290892038002155 0.32180778319849956 0.832045444701412
1.305031249333300114e+09 44.68448881763734 -24.919757297067218 -14.419137427563298 0.13919509542120734 0.43435552339699096 0.33576655586369636 0.824148545268775
1.305031249402800083e+09 46.199106970868804 -23.01472861969001 -13.127130197859453 0.15133504825957264 0.42254335511343183 0.3430516870819559 0.8251486873333684
1.305031249462899923e+09 46.56220152236318 -23.74958025050962 -8.725387305165043 0.1771231303597787 0.38617831867372365 0.3293931070173781 0.8432045326771714
1.305031249532900095e+09 47.24711568860175 -24.179253233126758 -2.4903294225187826 0.19965277605263262 0.33800558012921794 0.3201353813388506 0.8622089853573881
1.305031249602799892e+09 47.36440923626794 -23.834540528139577 2.7675363565846114 0.2077100780741231 0.2899496937640337 0.31671022814087274 0.8789086015869574
1.305031249662800074e+09 46.33023901653035 -22.81181237055792 8.469972122193266 0.2192237473406688 0.2315637665205669 0.31020782485737136 0.8955949285441391
1.305031249732899904e+09 45.35633127780584 -22.416399427153586 13.47240481784631 0.22822792089237537 0.1636106839114561 0.29968996059645897 0.9117727171575501
1.305031249802799940e+09 43.19419414105338 -24.71645483728565 17.64130902412565 0.22759018754146923 0.10160604799066278 0.2735576927593659 0.9290022100505091
1.305031249862900019e+09 38.41497375905452 -26.859160376827376 22.605945906726742 0.22967804835039146 0.04288634899880811 0.23380072740580352 0.9437933963744527
1.305031249932800055e+09 33.97681884548797 -29.567153177647825 26.312103007695587 0.22598632437103125 -0.0016703889343896226 0.1967642350338896 0.9540499079239028
1.305031250002899885e+09 30.82774782185173 -29.63341900498091 28.46854076646073 0.2307149809020217 -0.03698031349696358 0.17509879082673246 0.9564222223746489
1.305031250062799931e+09 27.413152717639864 -30.129688239659988 31.190175302915662 0.24247523760590087 -0.08903316237462998 0.1510916255050789 0.9541751284998827
1.305031250132800102e+09 23.34098445445583 -30.59719092301033 34.29656993671352 0.24662785866243891 -0.13952587983821815 0.13871404412543073 0.9489286812765853
1.305031250202899933e+09 19.11420345035987 -30.33623533590001 36.9176520059567 0.25320117901281636 -0.19101569942414975 0.13280089542129814 0.9390240080505524
1.305031250262799978e+09 15.98523710969922 -29.241897825121324 38.99017241316418 0.2535286457524479 -0.24084918259258523 0.13760938805239195 0.9267030556479563
1.305031250332799911e+09 14.130921641795247 -27.105053515415452 40.52132696344513 0.26579318051921424 -0.29163830618089076 0.15237726145732944 0.9061358914358189
1.305031250402800083e+09 9.380478111518293 -26.12744550170846 42.4139124845294 0.2735781455345384 -0.34262331894049325 0.14201786183858597 0.8874655973742759
1.305031250462800026e+09 4.590903909530484 -26.011142871705584 42.48289618144035 0.2770570102401105 -0.3822626942085691 0.1254929171372249 0.8725629911024227
1.305031250532799959e+09 1.8119682954494354 -27.067144045631355 41.42051740334833 0.2727483046055693 -0.4186561382722098 0.11559640804029211 0.858471240444297
1.305031250602799892e+09 -0.41659530572999437 -26.483393208649144 40.834801879160025 0.2715881988825832 -0.4417001959117028 0.11146416753195235 0.847771506076777
1.305031250662800074e+09 -3.8218393033229745 -25.964824711758542 40.39947956140563 0.2791903535189445 -0.46710999444830875 0.10419955010057554 0.832468289694752
1.305031250732800007e+09 -6.844864430455877 -25.12311039709528 40.347494020640475 0.2805589318852433 -0.49863561993122857 0.10448947705734825 0.8134685940216086
1.305031250802799940e+09 -7.926795449409939 -24.50249172634969 39.843552128000624 0.27685485113434455 -0.51081235813183 0.10578891711382704 0.8069887429196659
1.305031250862799883e+09 -8.445679702801495 -23.353498793617312 39.86757401279361 0.28311372881657104 -0.5100810235121663 0.11463599824392383 0.804066262141981
1.305031250932800055e+09 -8.37801766805682 -22.462969551002207 39.31050795602705 0.2892079033239592 -0.5136173511095263 0.12372970262517906 0.7982774993587617
1.305031251002799988e+09 -7.150921511417161 -21.856875693420832 38.87624443506949 0.29324852957154673 -0.4997613626703454 0.1314904169769924 0.80433460110157
1.305031251062799931e+09 -5.017058271867617 -22.32086567202369 39.99092093993343 0.29035431970095116 -0.48402793938187927 0.14381919826184925 0.8128513770302962
1.305031251132800102e+09 -1.1811586129771008 -21.686100702389393 40.39981185510378 0.29759326738513664 -0.44686174867219963 0.16225303406525318 0.8279050535642853
1.305031251202899933e+09 3.1552277344075916 -19.976442714628746 40.26181809606359 0.30060341425345194 -0.3916612194837137 0.1757664948480439 0.8516720118569886
1.305031251262799978e+09 8.09362657492232 -17.796747456594378 40.536122002627536 0.30391505447486933 -0.32899358276368074 0.19970954576015384 0.8715015545001211
1.305031251332799911e+09 13.5865405970907 -16.221776933563262 38.71116734343082 0.30359119943953455 -0.25657286312164246 0.21631651720078415 0.8917454311172838
1.305031251402800083e+09 18.67547689284154 -16.741562983459044 37.06595648324498 0.2972669008853607 -0.19444108816524874 0.23239699315711526 0.9054372923856511
1.305031251462800026e+09 23.538727127974635 -15.818490956553534 33.61637046363952 0.29101912224388243 -0.1268089796459873 0.24808839698146634 0.9152483272056333
1.305031251532799959e+09 28.80798302009222 -15.89741994073446 30.349520098615955 0.2786775754837312 -0.06123117881803406 0.26552486088765126 0.9209159027368659
1.305031251602799892e+09 32.41708961412486 -15.156046783053934 27.072130906805796 0.2670969838651895 0.0027235640568174114 0.2763996712312059 0.9231765839492618
1.305031251662800074e+09 36.737691090812994 -14.769253956357673 22.2943077760565 0.2566920031705898 0.06663924890740894 0.30105577692875063 0.9159879066838996
1.305031251732800007e+09 39.4880952405571 -14.041121032947318 17.09281787975952 0.24154397231142893 0.12868543450869127 0.33385639737312567 0.9020180011055005
1.305031251802799940e+09 41.71142732515953 -13.142357752165964 11.331979250806999 0.231534921361091 0.19155153955193008 0.3636779747995874 0.8817244005534096
1.305031251862799883e+09 43.55312572693942 -10.162099448232173 6.347544883638253 0.22836365046334717 0.24216812597631412 0.3925348788344699 0.85739198200507
1.305031251932800055e+09 45.25289293549916 -8.274207990326975 1.6898770046184437 0.22868035919182247 0.2882083504290674 0.41727610422617234 0.8309764695252708
1.305031252002799988e+09 45.39407844920282 -9.017942198188644 -1.7345717841518742 0.22043238476775226 0.3268880341478431 0.42553747852136675 0.814537679453957
1.305031252062799931e+09 45.61212255191429 -9.895788621946886 -7.119066153955673 0.20390164656798535 0.38097525627041884 0.43251138706742936 0.7913380268213839
1.305031252132800102e+09 45.209135163153675 -10.116164742449744 -11.93745679506319 0.17886775549291659 0.42918420436309485 0.44269106144010073 0.7667019426681926
1.305031252202800035e+09 43.91874873681057 -12.646744133628127 -16.83403611308615 0.1607938461165337 0.48195426909092387 0.43289253066814126 0.7446270734050825
1.305031252262799978e+09 42.98500964482294 -12.37067870694897 -21.24669183998065 0.14273383537216972 0.518400270323054 0.43890234675581913 0.719897869132261
1.305031252332799911e+09 41.67813832004131 -14.69000752325118 -23.60792238376411 0.12336273996515287 0.5421022109409849 0.43053528705558 0.7110177169952626
1.305031252402800083e+09 40.354952018213325 -14.422434409501669 -25.73644742389094 0.10211714123519748 0.5610747936607541 0.4291603337789013 0.7004202833265716
1.305031252462800026e+09 39.32737040213084 -13.327812466966712 -27.84276517981455 0.08736635554218437 0.5748999952130076 0.43307264606299234 0.6886981912676691
1.305031252532799959e+09 39.379997985895905 -13.781050706748902 -29.033290840331784 0.08160043209928537 0.5804160049200674 0.436739935917735 0.6824345090105063
1.305031252602799892e+09 38.55635529997169 -13.53659989553913 -29.737975930291974 0.07646347177841843 0.5858738119776457 0.4474585001165875 0.6713315906433921
1.305031252662800074e+09 41.28523113949288 -10.845299907949066 -28.38719802599459 0.10457949814664345 0.5732875227349113 0.46795768647293456 0.6643945729118833
1.305031252732800007e+09 44.77301963172248 -12.851287750999587 -22.756442932621265 0.13518822524386262 0.5356930344165998 0.4502142137308721 0.7014729348931739
1.305031252802799940e+09 46.63805663978164 -16.836535716476497 -14.967236462430224 0.16446954705630787 0.48956615841202683 0.4114197296189136 0.751005027086426
1.305031252872800112e+09 47.21933935789133 -18.57835827132918 -10.24944464104483 0.17656885690286656 0.4548165374255194 0.39702187121316407 0.7773924297513284
1.305031252932800055e+09 48.25767428078012 -19.31431422679412 -4.835762773858488 0.19422891675396736 0.41690818148848685 0.3859533542186676 0.7996891298948005
1.305031253002799988e+09 47.39577918537746 -20.27417776975417 0.9959412167159847 0.2031390921215001 0.3656067870803079 0.3719654097993679 0.828678417967824
1.305031253072700024e+09 45.73405168634056 -20.938808199817647 6.807377318634348 0.21086552458651797 0.3087312864125558 0.35667944545348446 0.8561544816923495
1.305031253132900000e+09 45.09404161086418 -20.548817392263505 12.155239472645096 0.23168241731969513 0.26576410024565744 0.35302759619045093 0.8666396118649958
1.305031253202800035e+09 44.72835597299893 -17.68076620442057 15.734826959269084 0.25077585300207594 0.22543179446030281 0.3616263398002213 0.8692055959093822
1.305031253272799969e+09 43.92993492724952 -17.03254150733946 15.530785426906553 0.2464312274514595 0.21811868478051974 0.36813325856727563 0.8695825397413536
1.305031253332799911e+09 45.25434467212507 -16.209501130088864 15.423389795606123 0.2468272002805845 0.2239757133307207 0.38127386553250975 0.8622884972568873
1.305031253402800083e+09 45.59768588640858 -15.474648671155627 14.2210162328478 0.2548266078119794 0.23225050497604197 0.38394443098636855 0.856568606011198
1.305031253472800016e+09 45.57708051514653 -15.239582127739727 13.650044974006697 0.2613125780626788 0.23350602449529345 0.3804742722231523 0.855821243745972
1.305031253532799959e+09 44.69361002315403 -14.830570589064042 13.694820222539844 0.26623049016175 0.23632671801270216 0.3745967621185673 0.856123983002383
1.305031253602699995e+09 44.79710624028804 -15.222135597060927 13.910256679273296 0.26345859615853906 0.23695769805742578 0.3806006589997775 0.8541567513111588
