1.305031102375799894e+09 19.80352558311308 -19.080411472184327 -20.379032338767185 -0.0003227333438669035 -0.0008406558769484741 0.0006690714344574848 0.9999993707419526
1.305031102445800066e+09 19.632228131155195 -18.224674898286327 -20.94772671513246 -0.0025556196290786285 -0.004375090424261098 0.0032115120017090462 0.9999820066294963
1.305031102515899897e+09 19.686597666812162 -17.953401901811436 -21.45949827006166 0.0019578640285918985 -0.008953076784029759 0.0020157792452234445 0.9999559719400547
1.305031102575900078e+09 19.848173758136234 -16.719582221473534 -21.247127382479142 -0.007088969366498319 -0.01279817090903209 -4.953685642567689e-05 0.9998929697126607
1.305031102645800114e+09 20.071729383642648 -16.780588068273868 -21.74225572725063 0.008842937209381245 -0.006100720552107317 0.0032133920442940357 0.9999371269144003
1.305031102715899944e+09 19.860927791111706 -15.642045438343638 -21.876491303544945 0.005413961615230618 -0.004278837782496562 0.003182578028333187 0.9999711254651075
1.305031102775799990e+09 19.96681855572607 -14.65871239295748 -22.198730868048948 0.004261336724781304 -0.004160752088229023 0.002711580184287728 0.9999785880129047
1.305031102845799923e+09 19.8010536921953 -13.752584535586257 -22.246277082155686 -3.181781621581456e-05 -0.005683231925474144 -0.004496356315468017 0.9999737409764281
1.305031102915899992e+09 19.497823056692084 -13.156288177945182 -22.161834144591438 0.0013646071579325022 -0.010441583146279692 -0.011572388318873946 0.9998775880163037
1.305031102975899935e+09 19.21745647504132 -11.97299917277431 -22.263583466727265 -0.0009948066164422883 -0.010968276696568883 -0.007083831820710726 0.9999142596207132
1.305031103045799971e+09 19.604706421990297 -10.31267527765004 -22.8039140004094 -0.002879819225427195 -0.004061519047150633 0.00994892364021004 0.9999381128963232
1.305031103115799904e+09 19.990404688018653 -9.24868730469937 -23.099584235577527 -0.0022353247328561685 -1.946742756714582e-05 0.015538313666901352 0.9998767742840848
1.305031103175800085e+09 20.020221639910886 -8.219520646641117 -23.508371992454798 -0.004514850768523018 0.0019729772197890393 0.014943079029757044 0.999876206273826
1.305031103245800018e+09 19.88619562933115 -6.652662532649094 -24.177845676643944 -0.017155236872939156 0.006570027514958166 0.015315565371376088 0.9997139421072615
1.305031103315799952e+09 19.81046467926 -5.35681354324227 -25.374615529209905 -0.020329407312140297 0.015172333913743341 0.030256382143817803 0.9992202293896548
1.305031103375900030e+09 18.741616170984003 -4.644628617647129 -25.62236562752463 -0.024582911945934253 0.01925008569699769 0.029474096206771428 0.999077770893593
1.305031103445800066e+09 18.47433757294249 -5.554701594670411 -25.395671861459945 -0.023527377638929696 0.018236685173946606 0.031204425948394104 0.9990696520345979
1.305031103516000032e+09 18.37949671184383 -5.898617223027924 -24.392135641640436 -0.02662095392396572 0.010444829109760752 0.03011139076374998 0.9991373952081459
1.305031103575900078e+09 18.497622357287074 -7.125030141415654 -23.930620420162388 -0.018989539393794875 0.00816374813482664 0.032809377544695005 0.9992478648239047
1.305031103645800114e+09 18.45553476042685 -7.973418181695736 -23.575027510384036 -0.015196666623409683 0.009566046683885701 0.039950586221091995 0.9990402908466555
1.305031103715800047e+09 18.7844605282908 -8.84380844188714 -23.333592360121987 -0.010836323114507876 0.011388894950689581 0.04704523031986833 0.9987690491186192
1.305031103775799990e+09 18.931262397494713 -10.153543589966707 -22.885750935303264 -0.004560720673364096 0.0067985957544564645 0.04591198045714258 0.9989119425520999
1.305031103845799923e+09 19.118773795469046 -9.57161439983121 -22.39166161821512 -0.029124157607496988 0.001905222175044238 0.04618098707509115 0.9985066199103979
1.305031103915800095e+09 19.6136064237322 -9.534348024265618 -22.07482936844397 -0.03606212077938415 0.004625328482047252 0.058363977674155555 0.997633086806656
1.305031103975800037e+09 19.383955863683095 -10.232631636890599 -21.393461681707006 -0.038753057522745965 -0.0007847774343799199 0.05622776415736561 0.9976652861530668
1.305031104045799971e+09 19.58434793386322 -11.803468477200814 -20.865319279967487 -0.027033990993646805 -0.0037919102210581847 0.05386886392210443 0.9981747994452539
1.305031104115799904e+09 19.37723089980278 -13.419398919933249 -20.3324562367523 -0.02229160853298831 -0.0077378073104403125 0.04195850904019086 0.9988406750058604
1.305031104175800085e+09 18.947575438075383 -15.239396713163673 -20.02286551544411 -0.010774608307359832 -0.008996708600380323 0.032065015175600634 0.9993872131721376
1.305031104245800018e+09 18.779769846269577 -16.80634977041914 -19.54917730688779 -0.0009179871767364782 -0.009920051394242447 0.027181090060536796 0.9995808812812497
1.305031104315799952e+09 18.812245394659357 -18.347175414321054 -19.221369581098322 0.00914778421327735 -0.011122899955659385 0.02288866964091453 0.9996342870983531
1.305031104385799885e+09 18.555683380577896 -19.781964412762292 -18.942221034576022 0.01317044496254584 -0.009872701816296446 0.014851885060954365 0.9997542151191319
1.305031104445800066e+09 17.92160226882205 -21.057408014104073 -18.98942835117307 0.015421905194162783 -0.007993010213355911 0.008320905396070943 0.9998145023759664
1.305031104515799999e+09 17.576518294673622 -21.82783132038485 -18.766244965739503 0.01448426938202499 -0.0061416345001317485 0.010295881161172459 0.9998232249239116
1.305031104575799942e+09 18.131285902864317 -21.362842258960306 -18.764700405930025 0.02216859326843056 -0.006305549349213482 0.010142497718339543 0.9996829113573648
1.305031104645800114e+09 18.094720329449046 -23.256816027002156 -17.476189852199493 0.04198205897672154 -0.005738898156309818 5.447570378894457e-06 0.9991018825637105
1.305031104715800047e+09 17.438407184021127 -25.569537901835318 -16.013897934850515 0.06697588426573829 -0.0029396573917593836 -0.01502901617896575 0.9976370672814507
1.305031104775799990e+09 16.49432784687465 -27.90427320978575 -14.83872883803656 0.09333431325878822 0.0004864906335830454 -0.03035279890964567 0.9951719333329916
1.305031104845799923e+09 16.07857176472491 -29.55232380744815 -13.55536050429815 0.10870127334513516 0.0033307429800180834 -0.04242157946751159 0.9931633042555633
1.305031104915800095e+09 16.282794881745296 -30.610372282529855 -13.033725203587549 0.11391113701036026 0.006575406927362678 -0.04490026550260238 0.9924540206208761
1.305031104975899935e+09 16.914794180097537 -31.311987793414914 -12.852842646292268 0.11237149684551509 0.006272138274188621 -0.044618368376797855 0.9926442001953973
1.305031105045799971e+09 16.01569426039954 -30.575649620224592 -13.51032407569284 0.1004782101355686 0.0066911440163673255 -0.044517768609239936 0.9939202815909126
1.305031105115799904e+09 15.91024445524875 -29.18341265992742 -14.205231776080927 0.08630972661467945 0.004043949372877391 -0.0435660377742936 0.9953071274324412
1.305031105175800085e+09 15.937055648977509 -28.072300242406605 -15.549513986155093 0.0719313402538533 -0.0018896726143768296 -0.04021066257926408 0.9965969165322716
1.305031105245800018e+09 16.40173711042153 -26.044749660574624 -16.513033447304736 0.04867971769144402 -0.006256071887547767 -0.030701457051036097 0.9983228772220751
1.305031105315799952e+09 16.96604497988054 -23.846807039545677 -17.556143495967806 0.02655064691663356 -0.007257181722629359 -0.01713808209370378 0.9994742030707457
1.305031105375799894e+09 18.053238426651166 -21.825461256577626 -18.120286943105338 0.011844808260160144 -0.004965431612469596 -5.0982999661534474e-05 0.9999175178018012
1.305031105445800066e+09 18.739446134516303 -19.97004653384062 -18.71103003422574 -0.00011594255772977588 -0.005069456652940922 0.011823693202922207 0.9999172402982213
1.305031105515799999e+09 18.749773366459355 -19.182502994335177 -19.280692571597896 0.0010614799777442477 -0.006862383822350258 0.015234267391407307 0.9998598392002644
1.305031105575799942e+09 18.729509916329672 -18.11089499833571 -19.637726108625092 -0.001218957435614361 -0.00794554544656635 0.016207097779799874 0.9998363428241058
1.305031105645800114e+09 18.64912407608271 -16.898732591846326 -19.880232162890817 -0.005315918846306496 -0.004233877206571493 0.01761575689444436 0.9998217343104995
1.305031105715800047e+09 18.49436832988627 -17.305721155851685 -20.01284764341364 0.012387581225348245 -0.00747322727702002 0.01263388587112829 0.9998155248010738
1.305031105775799990e+09 18.4848401340222 -16.736096202067333 -20.196909612586005 0.015757895482509086 -0.006314206157532696 0.006438470566017368 0.9998351692290751
1.305031105845799923e+09 18.247018113947842 -16.351407996199637 -20.380982891470957 0.02174748239883991 -0.00468548575489512 -0.0020276040370037526 0.9997504598920782
1.305031105915899992e+09 18.109511929676273 -15.69221261299285 -21.09785665780474 0.02232076853081041 0.004394255495966579 -0.006046033821341107 0.9997229212566155
1.305031105975800037e+09 17.507997225298592 -14.95096857724014 -21.707377951480304 0.018033463076055672 0.006648544930435365 -0.015062746297527949 0.9997018079076225
1.305031106045799971e+09 17.179378310799745 -13.693273292495736 -22.23670219763592 0.0077074255336519685 0.009446537171312375 -0.020240735604355 0.9997207965973842
1.305031106115799904e+09 17.11701967596818 -13.049542458945485 -23.187891137292983 0.009236266898483614 0.015695511095594243 -0.0175946858411824 0.9996793332541081
1.305031106175800085e+09 16.93731618173364 -11.385962479916088 -23.656444905610396 -0.0027468977484742182 0.019249776539666235 -0.014341337446880997 0.9997080707367362
1.305031106245800018e+09 16.656940369539516 -10.144210473389661 -23.964188383543362 -0.006248693667787487 0.023254075074759534 -0.011734854669520248 0.9996411831281006
1.305031106315799952e+09 16.81827512248478 -8.951016779239945 -24.72358414669774 -0.009408563398863814 0.029299838001685785 -0.005050650489545507 0.9995136263990987
1.305031106375799894e+09 17.015229343393905 -7.23938152581926 -25.08349234256163 -0.025311207879937906 0.022485962904310618 -0.004818320105713424 0.9994150829456614
1.305031106445800066e+09 16.763846887681385 -7.676241711349648 -24.088016989503537 -0.031281991919619154 0.011411340771724102 -0.0157105100005925 0.9993219692165551
1.305031106515899897e+09 16.546204984316123 -8.601712110148984 -23.712766793704485 -0.02853397157338588 0.008655700683224956 -0.01285835172316587 0.9994726379961059
1.305031106575799942e+09 16.79082634576797 -9.665461629804984 -23.326939170543096 -0.022786173237198788 0.005579600671887188 -0.007096951718343112 0.9996996007010577
1.305031106645800114e+09 17.072679687658184 -10.325301348737648 -22.932881265618693 -0.024762477506981052 0.001480310206646681 -0.0009376605371866338 0.9996918271057963
1.305031106715800047e+09 16.829262241335048 -11.180331929544073 -22.871390349000947 -0.023328583018375686 0.0009293820716836253 0.0032634925011630666 0.9997220929238358
1.305031106775799990e+09 17.3478276417367 -11.861287305104765 -22.8095654937949 -0.01830680865991879 0.0009632016493487516 0.018930672098466293 0.9996527210252428
1.305031106845799923e+09 16.894991572541027 -12.420095836308999 -22.430698191868515 -0.023984661425194672 -0.0038744627453628426 0.016117051402846073 0.9995748922461146
1.305031106915800095e+09 17.456706818221384 -13.911173201476249 -21.8931187443166 -0.010133066996183632 -0.014144783827003463 0.019286733755820754 0.99966257704526
1.305031106975800037e+09 17.795213795458576 -15.044140154772613 -21.221037732455876 -0.005292942658589535 -0.01889687746007882 0.019209734345604326 0.9996228683291728
1.305031107045799971e+09 17.81397514826326 -16.464060153404493 -20.890589003595526 0.0008881994807006494 -0.022674023013316405 0.014673586081782337 0.9996348261508172
1.305031107115799904e+09 17.858561226833736 -17.835572242585215 -20.410689755261977 0.01016207724982742 -0.023881134979462055 0.015003398598192191 0.9995505598060386
1.305031107175800085e+09 17.752375466997368 -18.95282735773244 -20.021782880179362 0.011774061211271952 -0.024385969733981817 0.012071225704684425 0.9995603941096873
1.305031107245800018e+09 17.02909111086644 -20.66925343439459 -19.262382138638547 0.022737096830664036 -0.02744217930797429 0.0006426674454483343 0.9993645672131349
1.305031107315799952e+09 17.165413916887427 -22.03346399492199 -18.504732855640306 0.03298867336140153 -0.02553716925797835 -0.003126702326593145 0.9991245288494849
1.305031107375799894e+09 16.574527181159674 -22.964987085792643 -17.340929043735883 0.03604647260410802 -0.02899985170047576 -0.016254945089446665 0.9987969949766022
1.305031107445800066e+09 16.39676160365661 -24.546179946431657 -16.53209443392221 0.04600994673449235 -0.0306688262272695 -0.025669355337637978 0.9981400663713891
1.305031107515799999e+09 16.091717088495614 -25.910367993520545 -16.72815453520994 0.05184751205108364 -0.028879823431295287 -0.034669872018845554 0.9976350992556781
1.305031107575799942e+09 15.55690956477069 -26.532291604828117 -15.759267867418174 0.05410229758547921 -0.027821254772136476 -0.03962075632494217 0.9973610754621997
1.305031107645800114e+09 16.325909159545734 -26.569481846591366 -16.46194198430996 0.05570077363091377 -0.02363565293190953 -0.036553163912840546 0.9974981934496728
1.305031107715699911e+09 16.445810302219066 -27.401326690343183 -16.252513051624533 0.05278681556213107 -0.023127900385121577 -0.03714076219135892 0.9976468393727465
1.305031107785799980e+09 16.923183807844826 -27.984679449904743 -16.766594563298764 0.0453224868764326 -0.02405446541714572 -0.0331192420925486 0.9981334433231089
1.305031107845900059e+09 16.91904848548548 -27.016604554758935 -17.60668004733182 0.04068263299323418 -0.02562947051663826 -0.03132204522192598 0.9983521338169665
1.305031107915800095e+09 17.685066287654664 -26.631831589710597 -16.965623586921296 0.03937694351434625 -0.03155697950319054 -0.03499894016913396 0.9981125625655358
1.305031107986599922e+09 18.15896893493364 -26.574370987260423 -16.798111558192762 0.043930789502384764 -0.03097430743126478 -0.04222701169482141 0.9976610433890742
1.305031108045799971e+09 16.302152283281895 -27.865118042573016 -16.634879069917375 0.048697750870582396 -0.029209006514648285 -0.05987491296949174 0.996589362674251
1.305031108115799904e+09 17.048359050159856 -27.61842066143132 -16.563351646637592 0.04562859901922099 -0.02655621398390412 -0.06160034998213091 0.996703664753202
1.305031108185800076e+09 14.837525752109485 -27.920555251884046 -16.598937767058853 0.0429729590203174 -0.019229284424940766 -0.08104781873495945 0.9955977151901505
1.305031108245800018e+09 15.432684379059863 -27.14332205360956 -16.890226647371026 0.03703233487887501 -0.019725836245081587 -0.08444023813037917 0.9955447472325571
1.305031108315700054e+09 13.567537269283564 -27.27352830878859 -16.97162618350078 0.031057720491285367 -0.015063162700763796 -0.09949744753774296 0.994438925757037
1.305031108375799894e+09 13.987268506520765 -26.055849607366135 -18.01578961493423 0.020671750852609444 -0.005736807237597006 -0.09738304809801732 0.9950157333944754
1.305031108445899963e+09 14.607772471067399 -25.469792018288224 -18.671047349829365 0.00976302908078027 0.007033637569200247 -0.09526354747168152 0.9953793587014067
1.305031108515799999e+09 14.642520174033853 -24.804949310560403 -19.154691518600853 0.0075018389970212245 0.022328162027084705 -0.09840452205281845 0.994867692525851
1.305031108575900078e+09 15.43298287111087 -25.482801392932945 -18.578672517718402 0.011596938896771776 0.017737571062495683 -0.10420913400578244 0.9943295962460296
1.305031108645699978e+09 15.600993821169387 -25.695048358909922 -18.80889929310502 0.011934490077234487 0.019600827321118598 -0.11812654852043361 0.9927333448865177
1.305031108715800047e+09 15.543833384844797 -25.27006085662896 -19.34727480882493 0.0042647384636010435 0.026691372427492612 -0.1310402837340737 0.9910084897127105
1.305031108775799990e+09 14.281887379741695 -24.725873511238017 -19.322701982856383 0.0008003592526747388 0.029948683287793876 -0.14711176939926476 0.9886660523648072
1.305031108945800066e+09 13.04380978660485 -25.343201647998445 -18.95682026406249 0.0035146472407333613 0.03922478455499327 -0.15072045654008082 0.9877916822446609
1.305031108945800066e+09 14.167783796479497 -24.95724965747584 -19.153677219468868 0.011106428156779117 0.04912873459793821 -0.13918481969836 0.9889846311525465
1.305031108975800037e+09 14.726933782152331 -25.90334299509781 -19.17296319639218 0.023110893670007338 0.04977563278580944 -0.12821579490826854 0.9902267330821698
1.305031109045799971e+09 15.99435885583186 -25.313928721530196 -18.875159559189395 0.023844656974807726 0.04721473164489785 -0.1225247182531386 0.9910549403874859
1.305031109115700006e+09 15.418905734111906 -25.44641811221273 -19.04377989032407 0.019850221046361083 0.03912693986341565 -0.12210960629409255 0.9915464161359452
1.305031109175699949e+09 15.460323374721224 -25.23963217055578 -19.160938866835775 0.01925006630313421 0.033524025204324376 -0.10730303399688909 0.9934745258820114
1.305031109245699883e+09 14.052539054744216 -25.177581042660364 -20.189874610015448 0.011045143579997299 0.042185516371134484 -0.11052258787737286 0.9929164841922439
1.305031109315700054e+09 15.866215325240027 -24.166693107108532 -20.25803071134489 0.013036687186819352 0.046946105995594914 -0.0884820621881129 0.9948854369172273
1.305031109375699997e+09 16.16022098414256 -22.778488838487824 -20.525388564405855 0.006996973727751283 0.04504189748701424 -0.0637077660735673 0.9969270737477933
1.305031109445699930e+09 16.109899171105017 -22.59866969573417 -20.599627735296416 0.003835430749409934 0.03633823975119528 -0.052401983887567914 0.9979573407152224
1.305031109515799999e+09 15.590075901455693 -22.22089925583898 -20.472933891793883 0.002654127553324903 0.028859951553003062 -0.04931425625416314 0.9983627411584367
1.305031109575700045e+09 14.982622166693256 -22.485073134868166 -20.460161588641153 0.005841413892854415 0.02671459521576143 -0.043924794725745335 0.9986605132348487
1.305031109645699978e+09 13.920718685239152 -22.908547205732752 -20.442523713253298 0.008893588930044605 0.022683021514831547 -0.04978193402483249 0.9984628904749783
1.305031109715699911e+09 13.237973374459067 -22.484288943543973 -20.951450916418857 0.004541859815180697 0.02387854920321665 -0.042607164466286804 0.9987961833795279
1.305031109775799990e+09 12.382593000388413 -21.9746307975606 -21.287957420411526 -0.00229866166207078 0.022839407394523795 -0.040877959256504844 0.9989004305091945
1.305031109845700026e+09 11.656256738288388 -21.469127707594428 -21.71560438902386 -0.0046263764162759215 0.022405510234681725 -0.03778427181045596 0.9990239929832176
1.305031109915800095e+09 11.485064453938888 -20.571727100749648 -21.80238390439736 -0.008925838130361614 0.016259938623007397 -0.02740185339642089 0.9994523911823352
1.305031109975800037e+09 11.068878509662254 -20.03687577927533 -21.963849255025018 -0.01358295689581654 0.007217782109507692 -0.024151056573863856 0.9995899826277533
1.305031110045700073e+09 11.093074092829719 -19.112438727274853 -21.821902257606347 -0.019105480626148887 -0.006525112540518684 -0.01774830646158088 0.9996386352748293
1.305031110115700006e+09 10.453666403649182 -18.668746977903464 -22.015190385159286 -0.021229046538705058 -0.013768430832850589 -0.019828069652168535 0.9994831692176349
1.305031110175699949e+09 9.721373995827872 -18.505066708611526 -21.947640327908296 -0.02472327615693166 -0.019318720959140452 -0.019297251172718414 0.9993213510846989
1.305031110245699883e+09 9.583030680455234 -17.431015503159315 -21.79761693754622 -0.02932584372698298 -0.022808444421873728 -0.008238520305725491 0.9992756859525439
1.305031110315700054e+09 9.102048017313914 -17.275221139070375 -21.57155266972424 -0.024891625577319356 -0.025341178682780054 0.0030318312367831274 0.9993643177732722
1.305031110385699987e+09 10.80571495364558 -17.365331542771727 -21.274240493280377 -0.02315531610759949 -0.029915820523380536 0.019047537371098138 0.9991026305332533
1.305031110445699930e+09 10.944039199607563 -17.393088314351793 -21.25079142719026 -0.029677657775928904 -0.03484743526533018 0.03722798995793123 0.9982579674853868
1.305031110515700102e+09 10.519229698854325 -16.957452980747487 -21.12665476677456 -0.030481708170136467 -0.043307147472691224 0.04232845645284391 0.9976991822283554
1.305031110585700035e+09 10.293062406127754 -16.671626427413532 -21.260436564048366 -0.03688521366428705 -0.051162990540224905 0.054303493487132315 0.9965304611536034
1.305031110645699978e+09 10.64403467251248 -15.462538164103094 -21.027307300549474 -0.03830976290099664 -0.059420168352777 0.06499882926913009 0.9953776960797541
1.305031110715699911e+09 10.962702054339877 -14.150477626644731 -21.412129214191946 -0.04182806468147253 -0.05763700311234967 0.07547597523088506 0.9946013100937363
1.305031110785700083e+09 10.90348754437969 -14.939131513400646 -21.295719132088905 -0.041911162662272405 -0.0578430175830706 0.08329586444453674 0.9939614875474897
1.305031110845700026e+09 10.031777641893733 -14.590136804227484 -21.228431849172814 -0.044006165909207785 -0.06131757372762807 0.08156300289827322 0.993806363972552
1.305031110915800095e+09 10.215256543803077 -15.450176692963066 -20.928362638443314 -0.044966068299787394 -0.06236331371815748 0.08414896374181335 0.9934826730773558
1.305031110985699892e+09 11.11154612579497 -15.437450329858326 -21.22675700988411 -0.045379951981247085 -0.06100162230705042 0.08373831871468226 0.9935830896371606
1.305031111045799971e+09 11.707182734920478 -15.535707534945415 -21.613346696993418 -0.042449391817370445 -0.059074688965218995 0.07715923566815981 0.9943614446513417
1.305031111115700006e+09 12.050957124978936 -15.303001757907051 -21.877096979669428 -0.04601387055134196 -0.052040630736267406 0.06771263861030132 0.9952836254263839
1.305031111185699940e+09 12.753945078978523 -15.742259004715091 -21.95574434199947 -0.04087944943933479 -0.04986526600156516 0.06194490580517338 0.9959945554594756
1.305031111245800018e+09 12.114843766797978 -17.285269004603713 -21.923610501423973 -0.03847175223588711 -0.049183807573411155 0.04285027098906961 0.9971282423182313
1.305031111315700054e+09 12.550710160477394 -18.19877251121451 -22.01104964465983 -0.02837201140297825 -0.043178210584577076 0.03739014732583417 0.9979642518560551
1.305031111385699987e+09 11.247545718121618 -18.709380475755605 -22.636516252308688 -0.02960000863560265 -0.03667598947319161 0.03158570742957344 0.9983892298953891
1.305031111445699930e+09 12.81024595918696 -18.61643858464183 -22.311469241975207 -0.035259351355929475 -0.04273755504475201 0.04421730684547252 0.9974843905074852
1.305031111515700102e+09 10.793564967656774 -20.345833807686038 -22.168710651530542 -0.027792635624521188 -0.040157995276877946 0.014040812060781694 0.9987080456354893
1.305031111585700035e+09 8.535235651586708 -20.81043490736008 -21.653911185920393 -0.020234214222590554 -0.03500223755659398 -0.013516259178564853 0.99909095215533
1.305031111645699978e+09 8.077917539404366 -20.3726287207326 -21.769970962134735 -0.0156254398353124 -0.021051170507456498 -0.024491685894767773 0.9993562183587247
1.305031111715699911e+09 8.375591980339614 -20.90772183565332 -21.77025838346907 -0.007592795531624207 -0.01223457049047428 -0.03143185495495487 0.9994021729189001
1.305031111785799980e+09 5.651698303416099 -22.544448697773234 -21.452888653601157 0.00040913896606226905 -0.005521334527146761 -0.0718175067689041 0.9974024228925075
1.305031111845799923e+09 5.817199745120272 -22.99720846432173 -21.217061990422124 0.00826271951697591 -0.0036558873337500875 -0.08767699237005873 0.9961079795699499
1.305031111915699959e+09 4.95956336948361 -22.21016381269841 -21.112873817165287 0.008993363494247635 0.007804626122641425 -0.10200937842470682 0.994712166376561
1.305031111985699892e+09 5.3244507576745965 -22.42477417898971 -21.105716042645717 0.012698591816985927 0.0238165868407951 -0.10035136214496182 0.9945859038176497
1.305031112045799971e+09 5.774357698225266 -22.589915756979693 -20.82973152809645 0.01873217028965333 0.023752082712086856 -0.11168474984026065 0.9932831726230923
1.305031112115700006e+09 6.593960428212262 -22.503716485663546 -20.619557827754605 0.019984297337874872 0.020776859870277272 -0.1177064627444232 0.9926299101790346
1.305031112185699940e+09 7.152946198524381 -22.649512555566513 -20.650807968290874 0.017478833283092635 0.013874401760125945 -0.1341817170131876 0.9907054346183095
1.305031112245699883e+09 6.99539684016935 -22.406243037941934 -20.222337420694455 0.023464611222804518 0.0068478605704801465 -0.15554272502055497 0.9875266981297012
1.305031112315700054e+09 5.732780707094698 -22.93697374788414 -19.846037885657744 0.03354964847704111 0.0008983277278644936 -0.16575285998190525 0.9855960650805072
1.305031112385699987e+09 4.540259471238617 -22.66839385954879 -19.23696358673131 0.04447635719091997 0.005086766726376059 -0.1726199155673056 0.9839707024118318
1.305031112445699930e+09 5.122332959133294 -22.806874667885076 -19.081227726475554 0.05017522841032343 0.016592440177011097 -0.1707076830101762 0.9839034629191226
1.305031112515700102e+09 5.899358356873773 -22.912743483691028 -19.022898598859364 0.057307508857438766 0.03236127049978868 -0.16047798640982983 0.9848428369430529
1.305031112585999966e+09 6.799252830460238 -22.893139503885802 -18.99212954106894 0.06345774494850837 0.04144481534443354 -0.1536091325447399 0.9852206231529913
1.305031112645800114e+09 6.904010339165005 -22.882793165719686 -19.368921647050687 0.062071845924989676 0.0565426739902415 -0.1599695703735915 0.9835444822253775
1.305031112715699911e+09 7.236142909847065 -22.996891259396016 -19.666354775933883 0.05857292483462825 0.06299739590526279 -0.16908531661109508 0.981840463767917
1.305031112785700083e+09 6.638398487237244 -23.563018761267262 -20.119411754290844 0.045989740739252924 0.07091150066629656 -0.17627005596326814 0.980706566813283
1.305031112845700026e+09 8.100613136286233 -23.054196369836507 -19.972276413307636 0.04173124683584145 0.06819417501181665 -0.16755392130644664 0.9826157646744819
1.305031112915699959e+09 7.367156195896751 -22.25998710365769 -20.681974703272683 0.03755623921335146 0.07308145456812168 -0.16273381313224525 0.9832427655252779
1.305031112985699892e+09 6.987947450577415 -21.881689230840394 -21.006484209092736 0.03690109822729196 0.07036359467754331 -0.152870476460273 0.9850471516229481
1.305031113045799971e+09 6.315432601173587 -21.91262008530054 -21.475792484431782 0.032124992048305406 0.0690750916890092 -0.14896113670586486 0.9859042531328019
1.305031113115700006e+09 5.917428849050605 -22.02030887438387 -21.158969934677337 0.03033546917579289 0.05789175982644082 -0.147250800238548 0.9869374373703683
1.305031113185699940e+09 4.891232668965307 -21.829465493792778 -21.436336000271673 0.025791760279982923 0.058232204593720104 -0.148012271421118 0.9869327043717705
1.305031113245699883e+09 4.351241895322609 -22.088995824583716 -21.500076878840552 0.02310581418942485 0.060994429676795504 -0.13824490075313609 0.9882480196361649
1.305031113315700054e+09 4.425664264005493 -21.39670616028515 -21.117192806503258 0.027011187427995097 0.06319978121458755 -0.11680664893626991 0.9907736321544073
1.305031113385699987e+09 4.439270430714445 -21.72722013007002 -21.15264616027025 0.02900928527265408 0.05882154688391716 -0.09976265592982417 0.9928473696757123
1.305031113445699930e+09 4.50386959322152 -21.8256518106644 -20.914256767495097 0.030269616955429107 0.05304880874980124 -0.08158870925606448 0.994792871255885
1.305031113515700102e+09 3.8849923728609497 -21.260030632550702 -21.226001621789116 0.016707797959095647 0.04818505538491698 -0.07851317623497674 0.9956077194771071
1.305031113585700035e+09 4.06332912827744 -20.440110927089417 -21.142310071195443 0.013306866236395293 0.04333938064395189 -0.058914366785955054 0.9972330333390361
1.305031113645699978e+09 3.0783737252196888 -20.463992046197994 -21.30286997524836 0.012565342309152632 0.0357889994364174 -0.06719302768420049 0.9970187343889905
1.305031113715699911e+09 2.37022396111111 -20.359292778787527 -21.222605235024545 0.009669213403903903 0.02707454866828858 -0.06954593072869401 0.9971643990063213
1.305031113785700083e+09 1.5767918339891431 -20.340541564051005 -21.143167418748998 0.012031937523880112 0.016994728091864947 -0.07547098982291245 0.9969305599647627
1.305031113845700026e+09 0.6718521931572818 -20.365422440090647 -21.24377933742285 0.014435851786986953 0.010733229369166318 -0.08045297271557536 0.9965960682000105
1.305031113915699959e+09 -0.189110648713957 -20.6051086978926 -21.070935590935107 0.022499863850361224 0.0038381721590728837 -0.08432510498127199 0.9961768423483303
1.305031113985699892e+09 -0.8920339554002392 -20.78950151238238 -20.76518249646044 0.027680073561634266 -0.004724759283969222 -0.08565890516956108 0.9959287334656448
1.305031114045700073e+09 -1.1630423450691705 -20.91441496605756 -20.535452102688602 0.03201125234301237 -0.015268594373996806 -0.07843289271298298 0.9962883272878129
1.305031114115700006e+09 -1.231741049223015 -20.8830761643072 -20.4310109923726 0.037443923194529216 -0.020840353450540035 -0.06224845549921743 0.9971402920711915
1.305031114185699940e+09 -1.5423420480201018 -20.571024220953902 -20.347387570106974 0.04132303230188408 -0.02499601753544473 -0.0527071905280403 0.9974415061422831
1.305031114245599985e+09 -1.68962511765202 -20.025044211551094 -20.469692273134623 0.03952701395355442 -0.03070548982756608 -0.04116354926308179 0.9978979658634597
1.305031114315700054e+09 -2.0799115769636627 -19.866427264627607 -20.447614387223474 0.03878245309998244 -0.03296532472008498 -0.028298579153413668 0.9983027592446817
1.305031114385600090e+09 -2.4807944544768734 -19.439157301385517 -20.465284462442387 0.03853127589986647 -0.03944963574964167 -0.022664093826824227 0.998221120728147
1.305031114445600033e+09 -2.816598044133695 -19.202292557958657 -20.440368301725478 0.0397281230920882 -0.047499142120840436 -0.01549841587810665 0.997960573789683
1.305031114515700102e+09 -3.1390170077787864 -19.099453440381065 -20.39013040568579 0.03834507376503636 -0.05130672805305946 -0.0019416531447132366 0.9979446402268559
1.305031114585700035e+09 -3.626714642260041 -18.17496740815417 -20.40878279499431 0.0347193016688736 -0.04686872120663548 0.004739048326866851 0.9982862487708805
1.305031114645600080e+09 -2.7539549143964397 -18.69191618423511 -20.754632565315458 0.027019191102205485 -0.04623214346705188 0.011997804789607545 0.998493167178852
1.305031114715699911e+09 -2.771385059998571 -18.729694982859105 -21.392031262996344 0.03320462296843283 -0.04482950587062207 0.02240579474706504 0.9981912385803996
1.305031114785700083e+09 -2.205233196596734 -19.89119462691003 -21.244626149007264 0.03639361232843055 -0.05140794416989977 0.027615386535954443 0.9976322562369272
1.305031114845700026e+09 -2.209837708587452 -20.847325708148908 -21.431977815927976 0.03589751141995132 -0.05412959437693139 0.027214747023215885 0.9975172746528782
1.305031114915699959e+09 -1.4135344858760115 -21.270052382964423 -21.822814005094035 0.03444931960168578 -0.05257669111455895 0.028533188840187407 0.9976145513498865
1.305031114985699892e+09 -0.6198170741317556 -21.26895648195031 -22.384198685617317 0.029150978908506032 -0.053642020250893464 0.024345815107582273 0.9978376798752521
1.305031115045700073e+09 -1.8984246150855868 -21.12112708664886 -22.85662352356021 0.01962008843751516 -0.05396064684367305 0.015592155964052647 0.9982285236328949
1.305031115115700006e+09 -1.6723384458910515 -20.351705934573893 -23.315635863248808 0.013887612954402797 -0.05064419757573249 0.0031644983476343345 0.9986151838463836
1.305031115186700106e+09 -0.5904039554162793 -20.4760117332412 -23.48922290040949 0.01611821724851589 -0.0505249207874692 0.006388459701218917 0.9985722923428205
1.305031115245699883e+09 -0.19922202022354674 -20.386122517366573 -23.235821614232893 0.018783080678178014 -0.04288123946497087 0.0011381932606007088 0.998902948087694
1.305031115315599918e+09 -0.7147737802479807 -19.713727549726155 -23.247534273398028 0.019568053032804133 -0.03114299510313859 -0.01708897703512102 0.9991772475494046
1.305031115385699987e+09 -0.8420659896634657 -20.342556640045505 -23.408985828582892 0.019459106622591243 -0.023734313237687047 -0.029782502368543757 0.9990850955235264
1.305031115445699930e+09 -0.28782637366925024 -19.590637397853722 -23.681133389806313 0.008687013741024137 -0.009951551401511313 -0.023905256511544803 0.9996269509812565
1.305031115515599966e+09 -0.49350482292214326 -18.64952765335201 -23.95292399374211 0.0022758947367480732 0.0010587546147241762 -0.03663868065524672 0.9993254256855751
1.305031115585599899e+09 -0.9209065676592312 -18.735461058738725 -23.83397539106477 0.003329774135103432 0.013416768362200057 -0.0588052301672624 0.9981737563349877
1.305031115645699978e+09 -0.9433532883423831 -18.832040249727427 -23.660847109350595 0.007208496471475283 0.026427928004360515 -0.06928458763980531 0.9972207619758021
1.305031115715699911e+09 -0.9689667693649189 -19.21008116153807 -23.46520366708048 0.010794059596894728 0.045544514920131424 -0.0711445042429461 0.9963672239461382
1.305031115785700083e+09 -1.5235422719348366 -19.680517350611364 -23.111888839139095 0.013447527081209209 0.05787568195906998 -0.09347195984722587 0.9938473535586295
1.305031115845700026e+09 -2.0793910681425887 -19.610092578754212 -22.965535603130867 0.011817397947661568 0.07321112913924395 -0.11457257973661501 0.9906430253367762
1.305031115915600061e+09 -1.8450863959242196 -19.631521196447203 -22.633921971533038 0.013192771221765542 0.08613176835617599 -0.11776944467857715 0.9892106080948727
1.305031115985699892e+09 -1.6251279437867612 -19.354681430777113 -22.581895177882597 0.009435445199085504 0.09962142655172003 -0.12150747234765658 0.9875335325493402
1.305031116045700073e+09 -1.0448819041465267 -18.64111730254995 -22.742211173665712 -0.0012190653159683588 0.10622439894580439 -0.1236539732993411 0.9866228184243683
1.305031116115700006e+09 -0.9657910691620814 -17.878609312671795 -23.039718319921224 -0.012039680507157565 0.11408023296461571 -0.1380785871559141 0.9837555846393204
1.305031116185699940e+09 -1.5988517607424235 -16.694091369447925 -23.14950734837222 -0.01777724877581176 0.11953355716227211 -0.1584564590328491 0.9799424721527624
1.305031116245699883e+09 -3.1916620970576988 -17.17689820553083 -23.518161420000496 -0.023540284360451913 0.1280399166270601 -0.17711759730054 0.9755413837909944
1.305031116315599918e+09 -5.218003029241232 -17.06464384606544 -23.93493057036467 -0.02738373021319368 0.13476228649411848 -0.19952956956696793 0.970194417798262
1.305031116385699987e+09 -5.390181262106613 -16.452326912715453 -23.393510103604655 -0.020907232225984822 0.13899110160291203 -0.2122260639900826 0.9670596977845447
1.305031116445600033e+09 -6.310957561315033 -17.328267224553468 -23.290839717029993 -0.01988892598292019 0.15195548526006045 -0.21883521654805593 0.9636519647263688
1.305031116515700102e+09 -4.92928816907946 -17.639082006887183 -23.41763409857239 -0.012722982193556817 0.15027683390009283 -0.20844853620441137 0.9663354524549458
1.305031116585700035e+09 -5.370788663389647 -18.23791782316911 -23.807172004742256 -0.008334926743029299 0.14184650654400663 -0.20936771420525638 0.9674581426738397
1.305031116645699978e+09 -5.088974380671153 -18.717812794403176 -24.11372717972711 -0.005993970067036377 0.1274876417049482 -0.19538792535291635 0.9723859995709674
1.305031116715699911e+09 -2.6759346193715383 -18.160383896026772 -24.251061278661588 -0.007188923550376925 0.10893742757277634 -0.1744818428480645 0.9785893126170734
1.305031116785599947e+09 -1.9916814411114745 -18.411836785771456 -24.748600747284378 -0.011053350121141878 0.08935153716888437 -0.15840428782389482 0.98326100698424
1.305031116855600119e+09 -1.6685742298540458 -18.74432213038682 -24.685000689452675 -0.015177054418569983 0.07346595549362443 -0.14782216689185607 0.9861648023418705
1.305031116915699959e+09 -2.102787908188075 -19.119215233265578 -24.694319013844435 -0.011594249232084826 0.061931455055776935 -0.14786248343663533 0.9869988623353977
1.305031116985699892e+09 1.2778326692371742 -18.904338045974992 -24.502242857341827 -0.012365010187566182 0.04269356368368457 -0.10983011193019705 0.9929560476961952
1.305031117045700073e+09 1.2727470246041688 -19.381624349272414 -24.389717468056276 -0.006355554877456054 0.026694625139211316 -0.10440529477455479 0.9941561941334545
1.305031117115900040e+09 1.1425006260092312 -19.29383394814733 -24.608386417356094 -0.006413422895515671 0.019956953440785494 -0.09146275353044898 0.9955878428008018
1.305031117185699940e+09 3.109467914414866 -18.107997191541635 -24.67975388591821 -0.013216690258881603 0.014801879084324319 -0.06433218417881385 0.9977312231021724
1.305031117245599985e+09 4.232187928768756 -16.77692515618825 -24.94614950737627 -0.020208756504811465 0.012291416408014224 -0.050111910308198726 0.9984634813995338
1.305031117315599918e+09 4.003977056591811 -15.787184320957921 -24.521026548918947 -0.03013111208998023 0.0059259798708543535 -0.05173907442187771 0.9981883925516057
1.305031117385600090e+09 4.075587142123571 -14.889324493531314 -24.607768611904298 -0.027853815015569862 0.005959628828800628 -0.04913912946859103 0.9983856938920801
1.305031117445600033e+09 3.979425740019323 -14.287469749906341 -24.639182324015465 -0.019825567942634455 0.007400755682983481 -0.04519205762285247 0.9987541507292401
1.305031117515599966e+09 3.3024892891601016 -14.447060454121493 -25.18826371845247 -0.00797097100059948 0.014016712408463288 -0.04291730359231031 0.9989484973946012
1.305031117585599899e+09 3.1551496413035225 -15.694035886479913 -24.14016238104305 0.0037788762163890157 0.015180611072945745 -0.04027093731116014 0.9990663245000673
1.305031117645699978e+09 3.3392093587438083 -15.487435341412692 -23.243557147297235 0.0014088413079935034 0.017600487212962434 -0.03466500691437096 0.9992430011321879
1.305031117715600014e+09 3.0588344883574985 -15.039275000040695 -22.425114677738435 0.003835650487487847 0.01696534470564805 -0.03157823095262151 0.9993499288008477
1.305031117785700083e+09 3.1748508873651407 -14.678796422727531 -22.79604965314006 0.013502261487669143 0.019041449916477982 -0.02731831165207377 0.9993542024569051
1.305031117845700026e+09 3.3167200853612715 -14.48383825845449 -21.813864451249255 0.013355459788982598 0.018317208103742738 -0.025668012867910487 0.9994134603338709
1.305031117915600061e+09 3.0624245409604214 -14.318281490225882 -20.8164510352606 0.014735451425385728 0.019681936276695816 -0.03098680887717591 0.9992173464923932
1.305031117985699892e+09 2.9899992762071457 -13.82614072920879 -20.016316685156674 0.00912596446104429 0.020297810634126442 -0.033623647801675184 0.9991867522963993
1.305031118045700073e+09 2.8899155485115147 -13.737351711258851 -18.973261512733586 0.011335909856056146 0.020267617940335374 -0.035724070679942016 0.9990918434182187
1.305031118115600109e+09 3.0863629597156614 -13.436778150024983 -18.001278034174106 0.012240363208146355 0.015809872557876966 -0.04064254521443735 0.9989736758076905
1.305031118185699940e+09 2.8381368743065494 -13.364549507898417 -16.91022759047675 0.016627902165307667 0.01332935566093295 -0.04905935042024191 0.9985684860256653
1.305031118245599985e+09 2.6588938540378617 -13.496832756719801 -15.650568064591647 0.028518541248899736 0.016737631338044914 -0.05054287973223896 0.9981743143412372
1.305031118315599918e+09 2.5023641598426445 -13.711995231426885 -16.04194252207672 0.04734694329939811 0.01532654036630901 -0.050913420279668796 0.9974623741054244
1.305031118385699987e+09 1.7547255175050027 -14.24879211820783 -16.333880249999943 0.06672957742150809 0.015476865876348994 -0.05764280891281952 0.9959844058520357
1.305031118445699930e+09 1.851595396440111 -15.139360972823603 -16.861058718239292 0.07095809099549763 0.016558823363564627 -0.055523425674224955 0.9957951114021839
1.305031118515599966e+09 1.5157102366382027 -14.276704885435377 -16.71587388653561 0.07464635718486053 0.02047077813724928 -0.055830749745276465 0.995435480573385
1.305031118585700035e+09 1.5360435878938121 -14.097234710553098 -17.773399718115066 0.07195222374345407 0.017973510454138458 -0.05795589833256406 0.9955606180784736
1.305031118645600080e+09 1.5922742815918278 -13.38223102024451 -18.84762670797831 0.06438431096989887 0.01481974836119572 -0.06256906057341972 0.9958514689542823
1.305031118715600014e+09 2.3440098890275953 -13.847079874462402 -18.886544513023388 0.054561858707196355 0.009722845758871725 -0.06256412267862953 0.9965009786238139
1.305031118785599947e+09 3.3669659331692183 -13.732056200308323 -18.46858134412694 0.04008475185192368 0.0021303847477454826 -0.052682550972194826 0.9978042007091663
1.305031118855600119e+09 3.8790954618903255 -12.873386900708486 -19.391195992218638 0.03254715256114123 -0.0017846368911622285 -0.051456589964813906 0.9981431346658262
1.305031118915600061e+09 3.857008239167568 -13.258879913264767 -20.286809290311787 0.03162025761163237 -0.006756985334590545 -0.05585132760042773 0.9979153930384238
1.305031118985699892e+09 3.799133204812356 -13.700293771599314 -21.083498156826483 0.03260410386497957 -0.0148491782454141 -0.06070109356497069 0.9975128327779119
1.305031119055599928e+09 3.6763447279546755 -13.77328189755622 -22.18669534574757 0.024008217949995986 -0.014978237486136584 -0.05959702530557769 0.9978213529722646
1.305031119115600109e+09 4.229860455304129 -13.66365270786111 -21.869575431124115 0.008853689221640247 -0.014619722071184987 -0.05038343802089506 0.9985836895758525
1.305031119185600042e+09 4.146891673193399 -14.030574514511803 -22.75998289613089 0.007530315914183016 -0.01353765427927138 -0.04344028419807475 0.9989359178484063
1.305031119255700111e+09 3.997883856364127 -14.769914722399944 -23.414145622599676 0.017515941468960683 -0.013965125393438162 -0.04234878892709171 0.9988517142917712
1.305031119315599918e+09 3.747094977585627 -15.193730667806042 -24.308000259576147 0.0199109626184603 -0.011042711392347887 -0.04155250493141775 0.9988768700028228
1.305031119385600090e+09 3.8301820305133116 -15.29260150721524 -23.961151752170828 0.008636081898033611 -0.007152012893378465 -0.036470395614111424 0.9992718234018076
1.305031119455600023e+09 3.8826211536396404 -15.380262884315409 -24.979884007301322 0.007045957174757798 -0.009373168378756761 -0.039172798844139683 0.9991636452717599
1.305031119515700102e+09 3.100943910265191 -15.029347593627985 -24.7235481735492 -0.009544760644247417 -0.0036109344380028854 -0.04404648666563049 0.998977359958244
1.305031119585599899e+09 3.106778032999199 -14.708295997935359 -24.31983811012974 -0.02567566493809524 -0.0029950048324414247 -0.044419083739219434 0.998678494399378
1.305031119655600071e+09 2.7525584344565357 -12.986645382538702 -25.28257118005093 -0.04237635712631875 0.0030535440893907475 -0.045396822461974844 0.9980651525504499
1.305031119715699911e+09 2.1115604925473797 -12.783293251100975 -25.349910601485824 -0.06322499201862107 0.008000614813348598 -0.0522217158181588 0.9965999613404875
1.305031119785599947e+09 1.6260812959097308 -12.546948070042253 -26.542529849644417 -0.06867021247461258 0.020402524934529032 -0.050687751961667825 0.9961420032786792
1.305031119855600119e+09 1.4991481971109626 -11.905218863315977 -26.055109718302788 -0.08673635652894542 0.024635456339184264 -0.05079617155302544 0.9946304075899747
1.305031119915499926e+09 1.3690079892577613 -11.974405629428492 -27.105674237118656 -0.08961160569595313 0.026336317152084333 -0.05378539110188136 0.9941746779250997
1.305031119985699892e+09 1.5823811900716485 -11.753776627513911 -26.67798312708927 -0.10534701010481975 0.02336256779540244 -0.05802517969020606 0.9924662595826115
1.305031120055599928e+09 0.9550094657576561 -11.27612616644431 -27.809005593967402 -0.11042148895740928 0.032154697554950346 -0.06175540766748512 0.9914431097271297
1.305031120115600109e+09 1.1603459240763758 -10.325385405362665 -27.303603206557092 -0.11384092469294502 0.037155214560467234 -0.0573454026422666 0.9911464264637275
1.305031120185600042e+09 1.3564878684585806 -9.90162392592743 -26.575887825156865 -0.11502678528654925 0.04457327316962022 -0.0558293285413855 0.9907901634857941
1.305031120255700111e+09 1.5528672683576779 -11.559762673227532 -26.264889453297737 -0.10285942696088464 0.04086247041361704 -0.056509458086166045 0.9922483952840552
1.305031120315599918e+09 1.7900581570089606 -11.773589385960303 -25.189068481884096 -0.10002585740151794 0.03752636241728885 -0.057109476939516436 0.9926354354034074
1.305031120385600090e+09 1.9937145052202876 -11.922671182770591 -25.483040731017777 -0.08351719671899165 0.03299501929354433 -0.05799296203762151 0.9942700955515672
1.305031120455600023e+09 1.8822154507805349 -12.338280484843716 -24.213317066311866 -0.07094890327974623 0.02909991147367366 -0.059500469296140904 0.9952784245773463
1.305031120515599966e+09 1.7054712531231453 -12.673454827476805 -22.95102328989751 -0.05829440047979687 0.03348540925843001 -0.05751526983374709 0.9960785531148876
1.305031120585599899e+09 1.6735874295873299 -14.210556840984866 -23.136858464655102 -0.04094230024732867 0.03819063250184269 -0.05139487085955491 0.9971077027527651
1.305031120655600071e+09 2.2395487533081084 -14.220233920755145 -22.04494761319177 -0.0341047708037583 0.03940150527072458 -0.04150743525305419 0.9977782914102399
1.305031120715600014e+09 2.191025634284761 -14.88679099900548 -22.783330696157446 -0.026936659155146446 0.041268287479992886 -0.040352993793386305 0.9979694287571835
1.305031120785700083e+09 2.360051277379002 -14.789696229328584 -21.701770436076615 -0.023572095402891898 0.03900348147424759 -0.03707444041933604 0.998272793688578
1.305031120855600119e+09 2.6675423651272006 -14.31680661352291 -21.615355151172263 -0.012236222198008828 0.034649964279102476 -0.03576659313100446 0.9986843373446782
1.305031120915600061e+09 2.837387650691265 -15.6578179310401 -20.530818273098987 0.0008646885533424201 0.026795636087161175 -0.03808927591054228 0.9989146376247575
1.305031120985599995e+09 3.3445536380368948 -15.48510937190028 -20.864239392149734 0.012067063331129736 0.01914823508946712 -0.0381765112278101 0.9990146570826647
1.305031121055700064e+09 3.7936819783857003 -15.206599618419283 -21.11314116235557 0.02311114937743468 0.01384126044596606 -0.03777326011952029 0.9989231577572241
1.305031121115600109e+09 4.016820360875836 -14.994914920101163 -20.131089844351237 0.023370187023935386 0.013768539017484727 -0.033878644125242566 0.9990578057169793
1.305031121185600042e+09 3.9590812107150137 -15.099870245837472 -19.01253258739519 0.027214050570964095 0.01179570748962943 -0.0330402675417448 0.9990138124456089
1.305031121255599976e+09 3.340755404761088 -15.197128638786642 -19.32178099385836 0.04304764585349506 0.01500769635949766 -0.03672671489529915 0.9982849381060762
1.305031121315599918e+09 3.531504077793747 -15.869824414610937 -19.971284295622546 0.0520061237355192 0.01295014577119888 -0.035646882417875815 0.997926328238912
1.305031121385600090e+09 3.4542686811310954 -15.8074222244196 -18.85076267574728 0.057052345302012836 0.012609156169446635 -0.034176059549150956 0.9977063876862408
1.305031121455600023e+09 3.887315353603516 -15.925853890944062 -19.211538219651786 0.07124235964620079 0.00795226431700431 -0.035498451016128585 0.9967954392249844
1.305031121515599966e+09 3.8613614918249697 -15.653489423894065 -18.29709338124665 0.07116458437983059 0.011554557083425704 -0.03692552305251936 0.996713900719735
1.305031121585599899e+09 3.8050043592365865 -15.395685647531682 -18.929055377188874 0.07791212724105147 0.010593972052071531 -0.03883469774905887 0.9961472453586735
1.305031121655600071e+09 3.8492032477559484 -14.9703425613833 -18.004132319266695 0.0784331261350727 0.006486206231635457 -0.04472494126222547 0.9958944991727241
1.305031121715600014e+09 3.7472857650804725 -14.719265241812174 -18.725918769779344 0.08428941600108618 0.009778510526139213 -0.04751906410107767 0.9952595709808792
1.305031121785599947e+09 3.669708467058452 -13.882477154757114 -18.13440068045765 0.07916264103607773 0.012979598762692805 -0.047429451693040615 0.9956481574292446
1.305031121855600119e+09 3.399435055245763 -13.137638460450809 -18.765370009459787 0.07971818356791878 0.016615091600320826 -0.050341896503396405 0.9954067728301763
1.305031121915600061e+09 3.3374990383431786 -13.909446204105679 -19.335056605217407 0.07778928757558017 0.023779778846771283 -0.04759617113079063 0.9955490712919032
1.305031121985599995e+09 3.8297185710548836 -13.896411012176745 -18.438546215838137 0.07484147568246606 0.02002433897580028 -0.046030090564475816 0.9959312276100591
1.305031122055599928e+09 4.034393749820602 -14.28878070599429 -19.229725507512498 0.079634719426495 0.01428367607850698 -0.04495615818034176 0.9957074027550523
1.305031122115600109e+09 4.4380719364480194 -14.6454387301251 -20.080009170764324 0.08067303512526278 0.00786228666171977 -0.04402299535430645 0.9957369239574084
1.305031122185600042e+09 4.986050634849813 -15.068454920589419 -19.578544841359847 0.07157675877000032 -0.003588002484196277 -0.04539955216291905 0.996394888839541
1.305031122255599976e+09 5.370952145398613 -15.117032957174496 -20.62287391893954 0.06682530457987446 -0.008216369990682591 -0.04477659872882002 0.9967256022287485
1.305031122315599918e+09 5.622723026626595 -14.754915727957735 -21.852377149836038 0.056116919674494 -0.013959536755286087 -0.04091220826249725 0.9974879517442355
1.305031122385499954e+09 5.708900080534903 -12.974612723955541 -22.98641934284846 0.0350843363438642 -0.01662606807935804 -0.03478061089883091 0.9986405621188412
1.305031122455499887e+09 5.6085212885084665 -13.016470882432447 -24.005933537381477 0.03146430142257525 -0.01617822177827526 -0.027638374758725635 0.9989916832070117
1.305031122515599966e+09 5.78251437916049 -13.32711225931291 -24.775990895653756 0.023677429850444017 -0.01928183579028464 -0.019716631899712143 0.9993392039496726
1.305031122585599899e+09 6.028144514338724 -13.42914776040479 -25.805295004979232 0.01858429143212933 -0.021826516827827623 -0.01887303656987964 0.9994108443306797
1.305031122655600071e+09 5.694943674970873 -13.95069228646627 -26.65471155620917 0.02322651138497847 -0.018584311681709265 -0.017457663822627558 0.9994050142470051
1.305031122715600014e+09 5.424818653260797 -14.361408904572421 -27.560577333326556 0.028573297733154927 -0.012299158581327792 -0.012832075615357843 0.9994336572230522
1.305031122785599947e+09 5.780217966360755 -14.2434610302801 -28.66499861775915 0.020536797559286474 -0.009018692318113811 -0.006841909474232753 0.9997250078944843
1.305031122855600119e+09 5.222811967098874 -14.191821340077022 -28.693778749778936 0.005018352122138743 -0.0092188730593179 -0.011444392269746532 0.999879419933759
1.305031122915600061e+09 4.492306758735719 -12.641466781362224 -29.71012861707311 -0.009207199622498333 -0.0037603039322523816 -0.018379941119393856 0.9997816088295964
1.305031122985599995e+09 4.333549697719753 -12.118136371322601 -29.057733672350945 -0.0207689546775765 0.001092596565358693 -0.017343287545681277 0.9996332663189307
1.305031123055700064e+09 3.9534239205306836 -12.295776382114392 -30.034338395984136 -0.020666248024019226 0.0033668612305553067 -0.018097191983567712 0.999616957679477
1.305031123115600109e+09 3.5103991831262094 -12.485510588777146 -31.025880664018874 -0.019491946779248058 0.007448481715461525 -0.021056469025792144 0.9995605080449382
1.305031123185499907e+09 3.4586530998321283 -10.98890193451791 -32.16378458240712 -0.03403585079052942 0.01209899249844145 -0.022992265682209204 0.9990828448933984
1.305031123255500078e+09 2.8110873833071217 -10.31010379328866 -31.926364617249874 -0.05568704342268793 0.016880525084995504 -0.03094678105730848 0.9978257853001622
1.305031123315599918e+09 2.7785332946606713 -9.353540462092782 -33.10431078893763 -0.06724433507455199 0.021081732225518606 -0.03476363849548179 0.9969078439882537
1.305031123385600090e+09 2.4132561630101814 -9.046795491421879 -34.16879383276883 -0.07018867570660155 0.027109787844204074 -0.041254315001913004 0.99631154299211
1.305031123455499887e+09 1.803178697125 -9.138162996579828 -35.12898019394352 -0.06695171257985247 0.03345556018538496 -0.04865336303051707 0.996007552150649
1.305031123515500069e+09 1.2155400743070957 -8.614266479555285 -36.24906223711332 -0.07244303882513779 0.04208483822248654 -0.051867598430501906 0.9951334708221903
1.305031123585599899e+09 0.9392848095732844 -8.467390647559524 -37.25836208692688 -0.07267582091422926 0.0472233905513633 -0.05195084524632646 0.994881543761602
1.305031123655600071e+09 1.1427219610899388 -7.968415537625765 -38.23823980492951 -0.07670832127786431 0.04938627716666459 -0.05288653278661841 0.9944243780821945
1.305031123715500116e+09 0.4920024673308514 -5.844420878648711 -38.34575124015346 -0.09196670930985892 0.053933607154403276 -0.05981013089159632 0.992499893521788
1.305031123785599947e+09 0.7163997777214965 -5.445821647781184 -39.27414530484716 -0.09653499892959817 0.05766664706839896 -0.059808067783554915 0.9918561119565422
1.305031123855499983e+09 0.32514364836075005 -4.36220835209821 -38.80632577017845 -0.09933397359689523 0.060655715753748576 -0.059278738384299104 0.991433142986161
1.305031123915499926e+09 0.5432141699020231 -3.7694104408714644 -38.980775024283275 -0.09442192371303149 0.05862559068774825 -0.057259530455149935 0.9921536607859183
1.305031123985599995e+09 0.2839596364609581 -3.0282765104188836 -39.335168894252426 -0.09166607671827472 0.06171939750478838 -0.05463939444361931 0.9923721997947949
1.305031124055500031e+09 0.512005592489015 -3.75063621243587 -38.268297136087114 -0.08178604295979784 0.059639132191274445 -0.04790295603421644 0.9937099797685608
1.305031124115499973e+09 0.5143918236117049 -4.071521139585417 -37.25998297981383 -0.07574693800087129 0.05657861201970679 -0.04468367603314107 0.9945172854916001
1.305031124185499907e+09 0.5338414488253791 -4.911612061066053 -36.212031811445165 -0.06398837788502201 0.051266861657187315 -0.04370354013387638 0.9956742423961931
1.305031124255500078e+09 0.7478492190130788 -5.893327658712693 -35.063210577472155 -0.050509146675049604 0.04836584669174187 -0.041372733356614406 0.9966934673762801
1.305031124315500021e+09 0.8077874460404209 -6.455478273885592 -33.96212208984287 -0.0411472391644656 0.04654455553105113 -0.034242256716977226 0.9974808153114965
1.305031124385600090e+09 1.3326426581750535 -6.943006515244099 -32.84837439031529 -0.033512884789516285 0.040463439879906596 -0.02896061465697887 0.9981988175633449
1.305031124455499887e+09 1.6053796031313354 -8.83258931693202 -31.58826806016447 -0.011100184282143277 0.03504035587709559 -0.027239989852706835 0.9989529229757194
1.305031124515500069e+09 2.2845623411112657 -9.6616725956596 -31.836971295636705 0.012587716743132629 0.027917896218998768 -0.024990335420073645 0.9992185064306466
1.305031124585500002e+09 2.529736268734821 -10.706115244528455 -30.4911653482576 0.028910229802082094 0.02245054202577608 -0.02165596572577948 0.9990951861179311
1.305031124655600071e+09 3.236605800475898 -10.474624166722872 -29.53269579555862 0.02685589267385489 0.017204358363007752 -0.012915362419871112 0.9994078069014526
1.305031124715500116e+09 3.586837077711045 -10.915505688033033 -28.2937280555183 0.03748187727072993 0.012943093858168869 -0.011643331623235977 0.9991456440511323
1.305031124785500050e+09 3.863434515439361 -10.964632676151124 -27.225444716106256 0.04221935788994816 0.012457036509085674 -0.008659254109289312 0.9989931758420787
1.305031124855499983e+09 3.7977964146402714 -10.722731721958061 -26.25480533677402 0.04362300677090012 0.008214174640642656 -0.010343799174659616 0.9989607431895776
1.305031124915600061e+09 4.260402983175617 -10.24972748647892 -25.545757393911057 0.04627740275105345 0.009785280821975348 -0.0062862225596795815 0.9988609180860878
1.305031124985500097e+09 4.125642129988463 -9.726519164352087 -24.69660304488246 0.04246504998767873 0.010941420495385436 -0.009289162873610264 0.9989948529898414
1.305031125055500031e+09 4.278530394690918 -9.7092867867609 -24.84862680128225 0.06032424068778862 0.009791247166164823 -0.004922972969659096 0.9981186712017328
1.305031125115499973e+09 4.0617199818276495 -9.512997453677102 -23.91766008140696 0.06310779859152654 0.016934527283590156 -0.003768801133565781 0.9978559132863963
1.305031125185499907e+09 3.5626391092131118 -9.773316793924234 -24.422721161711173 0.07746913681625078 0.01732711577695925 -0.008734711450726625 0.996805903230749
1.305031125255500078e+09 3.579033660885039 -9.286022152603753 -23.576675481015343 0.07250128570051792 0.019924773777133233 -0.008210113073219477 0.997135477758678
1.305031125315500021e+09 3.7125566712550726 -9.048921017612843 -22.602824665219963 0.07682070370908693 0.01902696136679764 -0.009652988642041345 0.9968166200626191
1.305031125385600090e+09 4.60203731356308 -8.536738514717765 -21.841843800094548 0.07572280991159665 0.012083235551675873 -0.006927029582015122 0.9970316282540213
1.305031125455600023e+09 4.749121658747003 -7.946681520476762 -21.097309464555394 0.0701406081982501 0.013278816177862071 -0.01600374183922023 0.9973203338795603
1.305031125515599966e+09 4.692072907812135 -7.274812330426438 -21.27067651281338 0.075038413508832 0.010627322346066606 -0.02376721168813836 0.9968407175504027
1.305031125585500002e+09 5.205193231973678 -6.674228452328989 -20.61589773337919 0.07309919976045838 0.008344760310056785 -0.030059181142265166 0.996836655424952
1.305031125655600071e+09 4.603117283660103 -7.0472973161845305 -19.82716906188344 0.07121189588399171 0.011198079833053938 -0.03781861552092948 0.9966811030679473
1.305031125715500116e+09 4.55925285503187 -7.96313245444267 -20.42209000851944 0.07813945426575263 0.012417783368779078 -0.028359541631776137 0.9964616203054144
1.305031125785500050e+09 4.574439459200272 -8.117853327544905 -19.682777056411773 0.07001689400391747 0.011498459103866043 -0.025914869293880836 0.9971428380837731
1.305031125855499983e+09 5.079388537210624 -8.324071249451709 -19.106581251569054 0.058334009322484476 0.005909510481662751 -0.027306275451079626 0.9979061019771455
1.305031125915499926e+09 4.667129388640191 -8.686703228769689 -19.966404215115986 0.05858820470948932 0.006859890814704031 -0.026988752019835707 0.9978937676082266
1.305031125985500097e+09 4.858466430960533 -8.651691946616692 -19.461540799570066 0.04593016599704137 0.011213227782879455 -0.011318040462544364 0.9988175936247128
1.305031126055500031e+09 5.15813488006457 -8.761114219900087 -20.40589348033586 0.044969367216927535 0.005962647958222676 -0.005160777892582414 0.9989572409332539
1.305031126115499973e+09 5.072829963586435 -8.625059201582493 -21.502589091392565 0.040499248944136285 0.008009077865034195 -0.006943087833651028 0.9991233452572543
1.305031126185499907e+09 5.068527047811343 -8.517524637076662 -22.60778553832429 0.036302699533824125 0.0154879619116757 -0.0033167036164914966 0.9992153103908584
1.305031126255500078e+09 5.085792694439414 -6.904271747229455 -23.594153331299946 0.016961851020307915 0.016790114932583974 -0.004137542818711978 0.9997065911505929
1.305031126315500021e+09 5.115008162180413 -6.57014250993015 -24.66352393841406 0.007741104529819971 0.012391445362682265 -0.00997553155635028 0.9998434958295475
1.305031126385499954e+09 4.9962971659897955 -6.15741692345645 -24.071574619748176 -0.012426378048199635 0.013871967252024817 -0.015438703634411343 0.9997073572217275
1.305031126455499887e+09 4.9916145053495535 -5.582896831426019 -25.240165425013515 -0.025498274062233026 0.016825334892310542 -0.016873195183780387 0.9993908351640507
1.305031126515500069e+09 4.677746839029874 -5.310528614143733 -26.33669988674258 -0.03158926572853614 0.02097215413100803 -0.015328889036909198 0.9991633060730017
1.305031126585500002e+09 4.65354237943716 -4.764304067476415 -27.43972585334154 -0.04214044621601644 0.020760870136910105 -0.017494717880755115 0.9987427616309147
1.305031126655499935e+09 4.641942964936157 -4.363041941663937 -28.528821653581293 -0.05437520468918142 0.022623761365058486 -0.020884098108884832 0.9980457689820066
1.305031126715500116e+09 4.17156169939036 -4.350013804695365 -29.603203479444918 -0.055886937516620536 0.029430251550825962 -0.025448981243522427 0.9976787357974185
1.305031126785500050e+09 4.35600110681733 -4.5575723457357045 -30.45310761102733 -0.05675958382763527 0.035527267833906924 -0.026115158110957937 0.9974137363204957
1.305031126855499983e+09 4.7377922610325385 -4.900556032627486 -31.226031365118605 -0.05778519908625162 0.03756801136107908 -0.03056309846828355 0.9971536553114341
1.305031126915499926e+09 4.803506096999146 -5.748935623350484 -31.357397616062023 -0.06096182607922381 0.03705390065392869 -0.0352170356081875 0.9968301884525703
1.305031126985500097e+09 4.428174544675726 -6.603931518768373 -31.268403293266577 -0.06257155885845399 0.03818306579144984 -0.0361070759973682 0.9966559750343692
1.305031127055500031e+09 4.7786471532832335 -5.822784042589353 -31.236460645454223 -0.060338208006818016 0.03927463799176003 -0.035581674662738476 0.9967701580070187
1.305031127115499973e+09 5.60992494761722 -5.148253598430302 -31.220154224427827 -0.05819811476917166 0.03801260608010179 -0.02992250227554116 0.9971322204571886
1.305031127185499907e+09 5.499053739867857 -4.419699456873207 -31.167049503227165 -0.052898451419042786 0.03767326363356254 -0.024041214430205335 0.9975993680097156
1.305031127255500078e+09 5.439778989336594 -5.136904095760261 -31.931625545084668 -0.04987205777110223 0.03581939218124875 -0.022242807745556103 0.9978652246175512
1.305031127315500021e+09 5.595214425381235 -4.390305923804399 -32.01857652342609 -0.045919304272619144 0.033879679865558114 -0.021274058104333467 0.9981437768373349
1.305031127385499954e+09 5.537018695752607 -4.2084962714765455 -31.098191100808602 -0.04063395355542325 0.03299168744474939 -0.01873467298161386 0.998453525411311
1.305031127455499887e+09 5.587055999177713 -3.6630763751123663 -30.141080310117175 -0.04726679663694711 0.03157194253542713 -0.016204758347852902 0.9982517058272973
1.305031127515500069e+09 5.003473794888106 -3.6825928982481533 -29.396435421065352 -0.045125074219207556 0.03012203226528721 -0.013314510980876961 0.9984383379289179
1.305031127585500002e+09 4.529048068962002 -3.0933326257933507 -29.61911724749115 -0.04048590076139659 0.030525941590394953 -0.012830015019273057 0.9986312880358612
1.305031127655499935e+09 4.236967198217797 -2.1165048684260586 -29.48699994743409 -0.040673296677780184 0.031172282601399738 -0.011904526284551305 0.9986151681146849
1.305031127715500116e+09 4.304439339616547 -3.119211215255649 -29.979501346768046 -0.03803584724683943 0.031975415526737626 -0.010719189257549342 0.9987071373069127
1.305031127785500050e+09 4.346714551487072 -4.096216860848902 -29.45970788418028 -0.03564658262032929 0.03373314432825814 -0.010139270254400406 0.9987435062717199
1.305031127855499983e+09 4.657958167162435 -5.109144331064673 -29.24862224181246 -0.03478200545671777 0.03166751511178283 -0.009711301446770989 0.9988458695951362
1.305031127915499926e+09 5.086017663271798 -6.047237026722953 -29.363965380816776 -0.03415751968952811 0.03125983271226712 -0.008926101677850415 0.9988875869767816
1.305031127985500097e+09 5.110673418001211 -4.934812119573124 -29.105939831161674 -0.03656087716658942 0.03214899970751899 -0.007464348897178344 0.9987862772255918
1.305031128055500031e+09 4.2225598136596405 -4.22717238580191 -29.284727232973708 -0.03842606079130882 0.03371032835583207 -0.01172443972189648 0.998623847666083
1.305031128115499973e+09 4.057827338217139 -3.595103790711358 -28.571203535914524 -0.0376171281990064 0.036780609683534735 -0.012179829760942828 0.9985408304943576
1.305031128185499907e+09 3.873668054306682 -2.736587515587988 -28.75122692320177 -0.035684034357314674 0.037787386560184454 -0.01298195878999235 0.9985640850015147
1.305031128255500078e+09 3.1376698553960294 -2.9764499814483205 -29.42218375723655 -0.032161783171737214 0.037775644090665784 -0.014559965416060335 0.9986624193509199
1.305031128315500021e+09 2.4566394847671003 -2.431931517587758 -29.6571769593678 -0.02999726558102833 0.03747639925915545 -0.01501336605484587 0.998734340250666
1.305031128385499954e+09 2.079018823753394 -1.8551470314156284 -30.22187443830424 -0.028760539333231906 0.035606166229902765 -0.01524447120683023 0.9988356413350968
1.305031128455399990e+09 1.917065641612161 -0.9830353718521045 -30.329937104674748 -0.02756120062312479 0.03331608703275163 -0.01511171825828526 0.9989504765183909
1.305031128515599966e+09 2.430011004915959 -1.9364120190627334 -30.294277874892583 -0.02702639663018816 0.03133256818921583 -0.015067360636305578 0.9990299388403289
1.305031128585500002e+09 2.5575120031155025 -1.3828984345325401 -31.05769074666421 -0.025995686619107207 0.02934798550579549 -0.016655800305333587 0.9990923402469573
1.305031128655400038e+09 3.014993565059352 -0.6402571756653317 -30.81086031896893 -0.023426140623805856 0.028301083082039158 -0.015029448501852411 0.9992118795879017
1.305031128715500116e+09 2.4831444668100833 0.05812806572071505 -30.740072631697558 -0.021584287484017157 0.02735494065517117 -0.013888002940658868 0.9992962269166634
